#  Wavelength      transmission
#          um          unitless
     2.471006   0.000000000e+00
     2.471105   0.000000000e+00
     2.471205   0.000000000e+00
     2.471304   0.000000000e+00
     2.471404   0.000000000e+00
     2.471504   0.000000000e+00
     2.471603   0.000000000e+00
     2.471703   0.000000000e+00
     2.471802   0.000000000e+00
     2.471902   0.000000000e+00
     2.472001   0.000000000e+00
     2.472101   0.000000000e+00
     2.472200   0.000000000e+00
     2.472300   0.000000000e+00
     2.472399   0.000000000e+00
     2.472499   0.000000000e+00
     2.472598   0.000000000e+00
     2.472698   0.000000000e+00
     2.472797   0.000000000e+00
     2.472897   0.000000000e+00
     2.472997   0.000000000e+00
     2.473096   0.000000000e+00
     2.473196   0.000000000e+00
     2.473295   0.000000000e+00
     2.473395   0.000000000e+00
     2.473494   0.000000000e+00
     2.473594   0.000000000e+00
     2.473693   0.000000000e+00
     2.473793   0.000000000e+00
     2.473892   0.000000000e+00
     2.473992   0.000000000e+00
     2.474091   0.000000000e+00
     2.474191   0.000000000e+00
     2.474290   0.000000000e+00
     2.474390   0.000000000e+00
     2.474490   0.000000000e+00
     2.474589   0.000000000e+00
     2.474689   0.000000000e+00
     2.474788   0.000000000e+00
     2.474888   0.000000000e+00
     2.474987   0.000000000e+00
     2.475087   0.000000000e+00
     2.475186   0.000000000e+00
     2.475286   0.000000000e+00
     2.475385   0.000000000e+00
     2.475485   0.000000000e+00
     2.475584   0.000000000e+00
     2.475684   0.000000000e+00
     2.475783   0.000000000e+00
     2.475883   0.000000000e+00
     2.475983   0.000000000e+00
     2.476082   1.000000000e+00
     2.476182   1.000000000e+00
     2.476281   1.000000000e+00
     2.476381   1.000000000e+00
     2.476480   1.000000000e+00
     2.476580   1.000000000e+00
     2.476679   1.000000000e+00
     2.476779   1.000000000e+00
     2.476878   1.000000000e+00
     2.476978   1.000000000e+00
     2.477077   1.000000000e+00
     2.477177   1.000000000e+00
     2.477277   1.000000000e+00
     2.477376   1.000000000e+00
     2.477476   1.000000000e+00
     2.477575   1.000000000e+00
     2.477675   1.000000000e+00
     2.477774   1.000000000e+00
     2.477874   1.000000000e+00
     2.477973   1.000000000e+00
     2.478073   1.000000000e+00
     2.478172   1.000000000e+00
     2.478272   1.000000000e+00
     2.478371   1.000000000e+00
     2.478471   1.000000000e+00
     2.478570   1.000000000e+00
     2.478670   1.000000000e+00
     2.478770   1.000000000e+00
     2.478869   1.000000000e+00
     2.478969   1.000000000e+00
     2.479068   1.000000000e+00
     2.479168   1.000000000e+00
     2.479267   1.000000000e+00
     2.479367   1.000000000e+00
     2.479466   1.000000000e+00
     2.479566   1.000000000e+00
     2.479665   1.000000000e+00
     2.479765   1.000000000e+00
     2.479864   1.000000000e+00
     2.479964   1.000000000e+00
     2.480063   1.000000000e+00
     2.480163   1.000000000e+00
     2.480263   1.000000000e+00
     2.480362   1.000000000e+00
     2.480462   1.000000000e+00
     2.480561   1.000000000e+00
     2.480661   1.000000000e+00
     2.480760   1.000000000e+00
     2.480860   1.000000000e+00
     2.480959   1.000000000e+00
     2.481059   1.000000000e+00
     2.481158   1.000000000e+00
     2.481258   1.000000000e+00
     2.481357   1.000000000e+00
     2.481457   1.000000000e+00
     2.481556   1.000000000e+00
     2.481656   1.000000000e+00
     2.481756   1.000000000e+00
     2.481855   1.000000000e+00
     2.481955   1.000000000e+00
     2.482054   1.000000000e+00
     2.482154   1.000000000e+00
     2.482253   1.000000000e+00
     2.482353   1.000000000e+00
     2.482452   1.000000000e+00
     2.482552   1.000000000e+00
     2.482651   1.000000000e+00
     2.482751   1.000000000e+00
     2.482850   1.000000000e+00
     2.482950   1.000000000e+00
     2.483050   1.000000000e+00
     2.483149   1.000000000e+00
     2.483249   1.000000000e+00
     2.483348   1.000000000e+00
     2.483448   1.000000000e+00
     2.483547   1.000000000e+00
     2.483647   1.000000000e+00
     2.483746   1.000000000e+00
     2.483846   1.000000000e+00
     2.483945   1.000000000e+00
     2.484045   1.000000000e+00
     2.484144   1.000000000e+00
     2.484244   1.000000000e+00
     2.484343   1.000000000e+00
     2.484443   1.000000000e+00
     2.484543   1.000000000e+00
     2.484642   1.000000000e+00
     2.484742   1.000000000e+00
     2.484841   1.000000000e+00
     2.484941   1.000000000e+00
     2.485040   1.000000000e+00
     2.485140   1.000000000e+00
     2.485239   1.000000000e+00
     2.485339   1.000000000e+00
     2.485438   1.000000000e+00
     2.485538   1.000000000e+00
     2.485637   1.000000000e+00
     2.485737   1.000000000e+00
     2.485836   1.000000000e+00
     2.485936   1.000000000e+00
     2.486036   1.000000000e+00
     2.486135   1.000000000e+00
     2.486235   1.000000000e+00
     2.486334   1.000000000e+00
     2.486434   1.000000000e+00
     2.486533   1.000000000e+00
     2.486633   1.000000000e+00
     2.486732   1.000000000e+00
     2.486832   1.000000000e+00
     2.486931   1.000000000e+00
     2.487031   1.000000000e+00
     2.487130   1.000000000e+00
     2.487230   1.000000000e+00
     2.487329   1.000000000e+00
     2.487429   1.000000000e+00
     2.487529   1.000000000e+00
     2.487628   1.000000000e+00
     2.487728   1.000000000e+00
     2.487827   1.000000000e+00
     2.487927   1.000000000e+00
     2.488026   1.000000000e+00
     2.488126   1.000000000e+00
     2.488225   1.000000000e+00
     2.488325   1.000000000e+00
     2.488424   1.000000000e+00
     2.488524   1.000000000e+00
     2.488623   1.000000000e+00
     2.488723   1.000000000e+00
     2.488823   1.000000000e+00
     2.488922   1.000000000e+00
     2.489022   1.000000000e+00
     2.489121   1.000000000e+00
     2.489221   1.000000000e+00
     2.489320   1.000000000e+00
     2.489420   1.000000000e+00
     2.489519   1.000000000e+00
     2.489619   1.000000000e+00
     2.489718   1.000000000e+00
     2.489818   1.000000000e+00
     2.489917   1.000000000e+00
     2.490017   1.000000000e+00
     2.490116   1.000000000e+00
     2.490216   1.000000000e+00
     2.490316   1.000000000e+00
     2.490415   1.000000000e+00
     2.490515   1.000000000e+00
     2.490614   1.000000000e+00
     2.490714   1.000000000e+00
     2.490813   1.000000000e+00
     2.490913   1.000000000e+00
     2.491012   1.000000000e+00
     2.491112   1.000000000e+00
     2.491211   1.000000000e+00
     2.491311   1.000000000e+00
     2.491410   1.000000000e+00
     2.491510   1.000000000e+00
     2.491609   1.000000000e+00
     2.491709   1.000000000e+00
     2.491809   1.000000000e+00
     2.491908   1.000000000e+00
     2.492008   1.000000000e+00
     2.492107   1.000000000e+00
     2.492207   1.000000000e+00
     2.492306   1.000000000e+00
     2.492406   1.000000000e+00
     2.492505   1.000000000e+00
     2.492605   1.000000000e+00
     2.492704   1.000000000e+00
     2.492804   1.000000000e+00
     2.492903   1.000000000e+00
     2.493003   1.000000000e+00
     2.493102   1.000000000e+00
     2.493202   1.000000000e+00
     2.493302   1.000000000e+00
     2.493401   1.000000000e+00
     2.493501   1.000000000e+00
     2.493600   1.000000000e+00
     2.493700   1.000000000e+00
     2.493799   1.000000000e+00
     2.493899   1.000000000e+00
     2.493998   1.000000000e+00
     2.494098   1.000000000e+00
     2.494197   1.000000000e+00
     2.494297   1.000000000e+00
     2.494396   1.000000000e+00
     2.494496   1.000000000e+00
     2.494596   1.000000000e+00
     2.494695   1.000000000e+00
     2.494795   1.000000000e+00
     2.494894   1.000000000e+00
     2.494994   1.000000000e+00
     2.495093   1.000000000e+00
     2.495193   1.000000000e+00
     2.495292   1.000000000e+00
     2.495392   1.000000000e+00
     2.495491   1.000000000e+00
     2.495591   1.000000000e+00
     2.495690   1.000000000e+00
     2.495790   1.000000000e+00
     2.495889   1.000000000e+00
     2.495989   1.000000000e+00
     2.496089   1.000000000e+00
     2.496188   1.000000000e+00
     2.496288   1.000000000e+00
     2.496387   1.000000000e+00
     2.496487   1.000000000e+00
     2.496586   1.000000000e+00
     2.496686   1.000000000e+00
     2.496785   1.000000000e+00
     2.496885   1.000000000e+00
     2.496984   1.000000000e+00
     2.497084   1.000000000e+00
     2.497183   1.000000000e+00
     2.497283   1.000000000e+00
     2.497382   1.000000000e+00
     2.497482   1.000000000e+00
     2.497582   1.000000000e+00
     2.497681   1.000000000e+00
     2.497781   1.000000000e+00
     2.497880   1.000000000e+00
     2.497980   1.000000000e+00
     2.498079   1.000000000e+00
     2.498179   1.000000000e+00
     2.498278   1.000000000e+00
     2.498378   1.000000000e+00
     2.498477   1.000000000e+00
     2.498577   1.000000000e+00
     2.498676   1.000000000e+00
     2.498776   1.000000000e+00
     2.498875   1.000000000e+00
     2.498975   1.000000000e+00
     2.499075   1.000000000e+00
     2.499174   1.000000000e+00
     2.499274   1.000000000e+00
     2.499373   1.000000000e+00
     2.499473   1.000000000e+00
     2.499572   1.000000000e+00
     2.499672   1.000000000e+00
     2.499771   1.000000000e+00
     2.499871   1.000000000e+00
     2.499970   1.000000000e+00
     2.500070   1.000000000e+00
     2.500169   1.000000000e+00
     2.500269   1.000000000e+00
     2.500369   1.000000000e+00
     2.500468   1.000000000e+00
     2.500568   1.000000000e+00
     2.500667   1.000000000e+00
     2.500767   1.000000000e+00
     2.500866   1.000000000e+00
     2.500966   1.000000000e+00
     2.501065   1.000000000e+00
     2.501165   1.000000000e+00
     2.501264   1.000000000e+00
     2.501364   1.000000000e+00
     2.501463   1.000000000e+00
     2.501563   1.000000000e+00
     2.501662   1.000000000e+00
     2.501762   1.000000000e+00
     2.501862   1.000000000e+00
     2.501961   1.000000000e+00
     2.502061   1.000000000e+00
     2.502160   1.000000000e+00
     2.502260   1.000000000e+00
     2.502359   1.000000000e+00
     2.502459   1.000000000e+00
     2.502558   1.000000000e+00
     2.502658   1.000000000e+00
     2.502757   1.000000000e+00
     2.502857   1.000000000e+00
     2.502956   1.000000000e+00
     2.503056   1.000000000e+00
     2.503155   1.000000000e+00
     2.503255   1.000000000e+00
     2.503355   1.000000000e+00
     2.503454   1.000000000e+00
     2.503554   1.000000000e+00
     2.503653   1.000000000e+00
     2.503753   1.000000000e+00
     2.503852   1.000000000e+00
     2.503952   1.000000000e+00
     2.504051   1.000000000e+00
     2.504151   1.000000000e+00
     2.504250   1.000000000e+00
     2.504350   1.000000000e+00
     2.504449   1.000000000e+00
     2.504549   1.000000000e+00
     2.504649   1.000000000e+00
     2.504748   1.000000000e+00
     2.504848   1.000000000e+00
     2.504947   1.000000000e+00
     2.505047   1.000000000e+00
     2.505146   1.000000000e+00
     2.505246   1.000000000e+00
     2.505345   1.000000000e+00
     2.505445   1.000000000e+00
     2.505544   1.000000000e+00
     2.505644   1.000000000e+00
     2.505743   1.000000000e+00
     2.505843   1.000000000e+00
     2.505942   1.000000000e+00
     2.506042   1.000000000e+00
     2.506142   1.000000000e+00
     2.506241   1.000000000e+00
     2.506341   1.000000000e+00
     2.506440   1.000000000e+00
     2.506540   1.000000000e+00
     2.506639   1.000000000e+00
     2.506739   1.000000000e+00
     2.506838   1.000000000e+00
     2.506938   1.000000000e+00
     2.507037   1.000000000e+00
     2.507137   1.000000000e+00
     2.507236   1.000000000e+00
     2.507336   1.000000000e+00
     2.507435   1.000000000e+00
     2.507535   1.000000000e+00
     2.507635   1.000000000e+00
     2.507734   1.000000000e+00
     2.507834   1.000000000e+00
     2.507933   1.000000000e+00
     2.508033   1.000000000e+00
     2.508132   1.000000000e+00
     2.508232   1.000000000e+00
     2.508331   1.000000000e+00
     2.508431   1.000000000e+00
     2.508530   1.000000000e+00
     2.508630   1.000000000e+00
     2.508729   1.000000000e+00
     2.508829   1.000000000e+00
     2.508928   1.000000000e+00
     2.509028   1.000000000e+00
     2.509128   1.000000000e+00
     2.509227   1.000000000e+00
     2.509327   1.000000000e+00
     2.509426   1.000000000e+00
     2.509526   1.000000000e+00
     2.509625   1.000000000e+00
     2.509725   1.000000000e+00
     2.509824   1.000000000e+00
     2.509924   1.000000000e+00
     2.510023   1.000000000e+00
     2.510123   1.000000000e+00
     2.510222   1.000000000e+00
     2.510322   1.000000000e+00
     2.510422   1.000000000e+00
     2.510521   1.000000000e+00
     2.510621   1.000000000e+00
     2.510720   1.000000000e+00
     2.510820   1.000000000e+00
     2.510919   1.000000000e+00
     2.511019   1.000000000e+00
     2.511118   1.000000000e+00
     2.511218   1.000000000e+00
     2.511317   1.000000000e+00
     2.511417   1.000000000e+00
     2.511516   1.000000000e+00
     2.511616   1.000000000e+00
     2.511715   1.000000000e+00
     2.511815   1.000000000e+00
     2.511915   1.000000000e+00
     2.512014   1.000000000e+00
     2.512114   1.000000000e+00
     2.512213   1.000000000e+00
     2.512313   1.000000000e+00
     2.512412   1.000000000e+00
     2.512512   1.000000000e+00
     2.512611   1.000000000e+00
     2.512711   1.000000000e+00
     2.512810   1.000000000e+00
     2.512910   1.000000000e+00
     2.513009   1.000000000e+00
     2.513109   1.000000000e+00
     2.513208   1.000000000e+00
     2.513308   1.000000000e+00
     2.513408   1.000000000e+00
     2.513507   1.000000000e+00
     2.513607   1.000000000e+00
     2.513706   1.000000000e+00
     2.513806   1.000000000e+00
     2.513905   1.000000000e+00
     2.514005   1.000000000e+00
     2.514104   1.000000000e+00
     2.514204   1.000000000e+00
     2.514303   1.000000000e+00
     2.514403   1.000000000e+00
     2.514502   1.000000000e+00
     2.514602   1.000000000e+00
     2.514701   1.000000000e+00
     2.514801   1.000000000e+00
     2.514901   1.000000000e+00
     2.515000   1.000000000e+00
     2.515100   1.000000000e+00
     2.515199   1.000000000e+00
     2.515299   1.000000000e+00
     2.515398   1.000000000e+00
     2.515498   1.000000000e+00
     2.515597   1.000000000e+00
     2.515697   1.000000000e+00
     2.515796   1.000000000e+00
     2.515896   1.000000000e+00
     2.515995   1.000000000e+00
     2.516095   1.000000000e+00
     2.516195   1.000000000e+00
     2.516294   1.000000000e+00
     2.516394   1.000000000e+00
     2.516493   1.000000000e+00
     2.516593   1.000000000e+00
     2.516692   1.000000000e+00
     2.516792   1.000000000e+00
     2.516891   1.000000000e+00
     2.516991   1.000000000e+00
     2.517090   1.000000000e+00
     2.517190   1.000000000e+00
     2.517289   1.000000000e+00
     2.517389   1.000000000e+00
     2.517488   1.000000000e+00
     2.517588   1.000000000e+00
     2.517688   1.000000000e+00
     2.517787   1.000000000e+00
     2.517887   1.000000000e+00
     2.517986   1.000000000e+00
     2.518086   1.000000000e+00
     2.518185   1.000000000e+00
     2.518285   1.000000000e+00
     2.518384   1.000000000e+00
     2.518484   1.000000000e+00
     2.518583   1.000000000e+00
     2.518683   1.000000000e+00
     2.518782   1.000000000e+00
     2.518882   1.000000000e+00
     2.518981   1.000000000e+00
     2.519081   1.000000000e+00
     2.519181   1.000000000e+00
     2.519280   1.000000000e+00
     2.519380   1.000000000e+00
     2.519479   1.000000000e+00
     2.519579   1.000000000e+00
     2.519678   1.000000000e+00
     2.519778   1.000000000e+00
     2.519877   1.000000000e+00
     2.519977   1.000000000e+00
     2.520076   1.000000000e+00
     2.520176   1.000000000e+00
     2.520275   1.000000000e+00
     2.520375   1.000000000e+00
     2.520474   1.000000000e+00
     2.520574   1.000000000e+00
     2.520674   1.000000000e+00
     2.520773   1.000000000e+00
     2.520873   1.000000000e+00
     2.520972   1.000000000e+00
     2.521072   1.000000000e+00
     2.521171   1.000000000e+00
     2.521271   1.000000000e+00
     2.521370   1.000000000e+00
     2.521470   1.000000000e+00
     2.521569   1.000000000e+00
     2.521669   1.000000000e+00
     2.521768   1.000000000e+00
     2.521868   1.000000000e+00
     2.521968   1.000000000e+00
     2.522067   1.000000000e+00
     2.522167   1.000000000e+00
     2.522266   1.000000000e+00
     2.522366   1.000000000e+00
     2.522465   1.000000000e+00
     2.522565   1.000000000e+00
     2.522664   1.000000000e+00
     2.522764   1.000000000e+00
     2.522863   1.000000000e+00
     2.522963   1.000000000e+00
     2.523062   1.000000000e+00
     2.523162   1.000000000e+00
     2.523261   1.000000000e+00
     2.523361   1.000000000e+00
     2.523461   1.000000000e+00
     2.523560   1.000000000e+00
     2.523660   1.000000000e+00
     2.523759   1.000000000e+00
     2.523859   1.000000000e+00
     2.523958   1.000000000e+00
     2.524058   1.000000000e+00
     2.524157   1.000000000e+00
     2.524257   1.000000000e+00
     2.524356   1.000000000e+00
     2.524456   1.000000000e+00
     2.524555   1.000000000e+00
     2.524655   1.000000000e+00
     2.524754   1.000000000e+00
     2.524854   1.000000000e+00
     2.524954   1.000000000e+00
     2.525053   1.000000000e+00
     2.525153   1.000000000e+00
     2.525252   1.000000000e+00
     2.525352   1.000000000e+00
     2.525451   1.000000000e+00
     2.525551   1.000000000e+00
     2.525650   1.000000000e+00
     2.525750   1.000000000e+00
     2.525849   0.000000000e+00
     2.525949   0.000000000e+00
     2.526048   0.000000000e+00
     2.526148   0.000000000e+00
     2.526247   0.000000000e+00
     2.526347   0.000000000e+00
     2.526447   0.000000000e+00
     2.526546   0.000000000e+00
     2.526646   0.000000000e+00
     2.526745   0.000000000e+00
     2.526845   0.000000000e+00
     2.526944   0.000000000e+00
     2.527044   0.000000000e+00
     2.527143   0.000000000e+00
     2.527243   0.000000000e+00
     2.527342   0.000000000e+00
     2.527442   0.000000000e+00
     2.527541   0.000000000e+00
     2.527641   0.000000000e+00
     2.527741   0.000000000e+00
     2.527840   0.000000000e+00
     2.527940   0.000000000e+00
     2.528039   0.000000000e+00
     2.528139   0.000000000e+00
     2.528238   0.000000000e+00
     2.528338   0.000000000e+00
     2.528437   0.000000000e+00
     2.528537   0.000000000e+00
     2.528636   0.000000000e+00
     2.528736   0.000000000e+00
     2.528835   0.000000000e+00
     2.528935   0.000000000e+00
     2.529034   0.000000000e+00
     2.529134   0.000000000e+00
     2.529234   0.000000000e+00
     2.529333   0.000000000e+00
     2.529433   0.000000000e+00
     2.529532   0.000000000e+00
     2.529632   0.000000000e+00
     2.529731   0.000000000e+00
     2.529831   0.000000000e+00
     2.529930   0.000000000e+00
     2.530030   0.000000000e+00
     2.530129   0.000000000e+00
     2.530229   0.000000000e+00
     2.530328   0.000000000e+00
     2.530428   0.000000000e+00
     2.530527   0.000000000e+00
     2.530627   0.000000000e+00
     2.530727   0.000000000e+00
