# Wavelength      transmission
#         um          unitless
     3.07570   0.000000000e+00
     3.07582   0.000000000e+00
     3.07595   0.000000000e+00
     3.07607   0.000000000e+00
     3.07620   0.000000000e+00
     3.07632   0.000000000e+00
     3.07644   0.000000000e+00
     3.07657   0.000000000e+00
     3.07669   0.000000000e+00
     3.07682   0.000000000e+00
     3.07694   0.000000000e+00
     3.07706   0.000000000e+00
     3.07719   0.000000000e+00
     3.07731   0.000000000e+00
     3.07743   0.000000000e+00
     3.07756   0.000000000e+00
     3.07768   0.000000000e+00
     3.07781   0.000000000e+00
     3.07793   0.000000000e+00
     3.07805   0.000000000e+00
     3.07818   0.000000000e+00
     3.07830   0.000000000e+00
     3.07843   0.000000000e+00
     3.07855   0.000000000e+00
     3.07867   0.000000000e+00
     3.07880   0.000000000e+00
     3.07892   0.000000000e+00
     3.07905   0.000000000e+00
     3.07917   0.000000000e+00
     3.07929   0.000000000e+00
     3.07942   0.000000000e+00
     3.07954   0.000000000e+00
     3.07966   0.000000000e+00
     3.07979   0.000000000e+00
     3.07991   0.000000000e+00
     3.08004   0.000000000e+00
     3.08016   0.000000000e+00
     3.08028   0.000000000e+00
     3.08041   0.000000000e+00
     3.08053   0.000000000e+00
     3.08066   0.000000000e+00
     3.08078   0.000000000e+00
     3.08090   0.000000000e+00
     3.08103   0.000000000e+00
     3.08115   0.000000000e+00
     3.08128   0.000000000e+00
     3.08140   0.000000000e+00
     3.08152   0.000000000e+00
     3.08165   0.000000000e+00
     3.08177   0.000000000e+00
     3.08189   1.000000000e+00
     3.08202   1.000000000e+00
     3.08214   1.000000000e+00
     3.08227   1.000000000e+00
     3.08239   1.000000000e+00
     3.08251   1.000000000e+00
     3.08264   1.000000000e+00
     3.08276   1.000000000e+00
     3.08289   1.000000000e+00
     3.08301   1.000000000e+00
     3.08313   1.000000000e+00
     3.08326   1.000000000e+00
     3.08338   1.000000000e+00
     3.08351   1.000000000e+00
     3.08363   1.000000000e+00
     3.08375   1.000000000e+00
     3.08388   1.000000000e+00
     3.08400   1.000000000e+00
     3.08412   1.000000000e+00
     3.08425   1.000000000e+00
     3.08437   1.000000000e+00
     3.08450   1.000000000e+00
     3.08462   1.000000000e+00
     3.08474   1.000000000e+00
     3.08487   1.000000000e+00
     3.08499   1.000000000e+00
     3.08512   1.000000000e+00
     3.08524   1.000000000e+00
     3.08536   1.000000000e+00
     3.08549   1.000000000e+00
     3.08561   1.000000000e+00
     3.08574   1.000000000e+00
     3.08586   1.000000000e+00
     3.08598   1.000000000e+00
     3.08611   1.000000000e+00
     3.08623   1.000000000e+00
     3.08635   1.000000000e+00
     3.08648   1.000000000e+00
     3.08660   1.000000000e+00
     3.08673   1.000000000e+00
     3.08685   1.000000000e+00
     3.08697   1.000000000e+00
     3.08710   1.000000000e+00
     3.08722   1.000000000e+00
     3.08735   1.000000000e+00
     3.08747   1.000000000e+00
     3.08759   1.000000000e+00
     3.08772   1.000000000e+00
     3.08784   1.000000000e+00
     3.08797   1.000000000e+00
     3.08809   1.000000000e+00
     3.08821   1.000000000e+00
     3.08834   1.000000000e+00
     3.08846   1.000000000e+00
     3.08858   1.000000000e+00
     3.08871   1.000000000e+00
     3.08883   1.000000000e+00
     3.08896   1.000000000e+00
     3.08908   1.000000000e+00
     3.08920   1.000000000e+00
     3.08933   1.000000000e+00
     3.08945   1.000000000e+00
     3.08958   1.000000000e+00
     3.08970   1.000000000e+00
     3.08982   1.000000000e+00
     3.08995   1.000000000e+00
     3.09007   1.000000000e+00
     3.09020   1.000000000e+00
     3.09032   1.000000000e+00
     3.09044   1.000000000e+00
     3.09057   1.000000000e+00
     3.09069   1.000000000e+00
     3.09082   1.000000000e+00
     3.09094   1.000000000e+00
     3.09106   1.000000000e+00
     3.09119   1.000000000e+00
     3.09131   1.000000000e+00
     3.09143   1.000000000e+00
     3.09156   1.000000000e+00
     3.09168   1.000000000e+00
     3.09181   1.000000000e+00
     3.09193   1.000000000e+00
     3.09205   1.000000000e+00
     3.09218   1.000000000e+00
     3.09230   1.000000000e+00
     3.09243   1.000000000e+00
     3.09255   1.000000000e+00
     3.09267   1.000000000e+00
     3.09280   1.000000000e+00
     3.09292   1.000000000e+00
     3.09305   1.000000000e+00
     3.09317   1.000000000e+00
     3.09329   1.000000000e+00
     3.09342   1.000000000e+00
     3.09354   1.000000000e+00
     3.09366   1.000000000e+00
     3.09379   1.000000000e+00
     3.09391   1.000000000e+00
     3.09404   1.000000000e+00
     3.09416   1.000000000e+00
     3.09428   1.000000000e+00
     3.09441   1.000000000e+00
     3.09453   1.000000000e+00
     3.09466   1.000000000e+00
     3.09478   1.000000000e+00
     3.09490   1.000000000e+00
     3.09503   1.000000000e+00
     3.09515   1.000000000e+00
     3.09528   1.000000000e+00
     3.09540   1.000000000e+00
     3.09552   1.000000000e+00
     3.09565   1.000000000e+00
     3.09577   1.000000000e+00
     3.09589   1.000000000e+00
     3.09602   1.000000000e+00
     3.09614   1.000000000e+00
     3.09627   1.000000000e+00
     3.09639   1.000000000e+00
     3.09651   1.000000000e+00
     3.09664   1.000000000e+00
     3.09676   1.000000000e+00
     3.09689   1.000000000e+00
     3.09701   1.000000000e+00
     3.09713   1.000000000e+00
     3.09726   1.000000000e+00
     3.09738   1.000000000e+00
     3.09751   1.000000000e+00
     3.09763   1.000000000e+00
     3.09775   1.000000000e+00
     3.09788   1.000000000e+00
     3.09800   1.000000000e+00
     3.09812   1.000000000e+00
     3.09825   1.000000000e+00
     3.09837   1.000000000e+00
     3.09850   1.000000000e+00
     3.09862   1.000000000e+00
     3.09874   1.000000000e+00
     3.09887   1.000000000e+00
     3.09899   1.000000000e+00
     3.09912   1.000000000e+00
     3.09924   1.000000000e+00
     3.09936   1.000000000e+00
     3.09949   1.000000000e+00
     3.09961   1.000000000e+00
     3.09974   1.000000000e+00
     3.09986   1.000000000e+00
     3.09998   1.000000000e+00
     3.10011   1.000000000e+00
     3.10023   1.000000000e+00
     3.10035   1.000000000e+00
     3.10048   1.000000000e+00
     3.10060   1.000000000e+00
     3.10073   1.000000000e+00
     3.10085   1.000000000e+00
     3.10097   1.000000000e+00
     3.10110   1.000000000e+00
     3.10122   1.000000000e+00
     3.10135   1.000000000e+00
     3.10147   1.000000000e+00
     3.10159   1.000000000e+00
     3.10172   1.000000000e+00
     3.10184   1.000000000e+00
     3.10197   1.000000000e+00
     3.10209   1.000000000e+00
     3.10221   1.000000000e+00
     3.10234   1.000000000e+00
     3.10246   1.000000000e+00
     3.10258   1.000000000e+00
     3.10271   1.000000000e+00
     3.10283   1.000000000e+00
     3.10296   1.000000000e+00
     3.10308   1.000000000e+00
     3.10320   1.000000000e+00
     3.10333   1.000000000e+00
     3.10345   1.000000000e+00
     3.10358   1.000000000e+00
     3.10370   1.000000000e+00
     3.10382   1.000000000e+00
     3.10395   1.000000000e+00
     3.10407   1.000000000e+00
     3.10420   1.000000000e+00
     3.10432   1.000000000e+00
     3.10444   1.000000000e+00
     3.10457   1.000000000e+00
     3.10469   1.000000000e+00
     3.10481   1.000000000e+00
     3.10494   1.000000000e+00
     3.10506   1.000000000e+00
     3.10519   1.000000000e+00
     3.10531   1.000000000e+00
     3.10543   1.000000000e+00
     3.10556   1.000000000e+00
     3.10568   1.000000000e+00
     3.10581   1.000000000e+00
     3.10593   1.000000000e+00
     3.10605   1.000000000e+00
     3.10618   1.000000000e+00
     3.10630   1.000000000e+00
     3.10643   1.000000000e+00
     3.10655   1.000000000e+00
     3.10667   1.000000000e+00
     3.10680   1.000000000e+00
     3.10692   1.000000000e+00
     3.10704   1.000000000e+00
     3.10717   1.000000000e+00
     3.10729   1.000000000e+00
     3.10742   1.000000000e+00
     3.10754   1.000000000e+00
     3.10766   1.000000000e+00
     3.10779   1.000000000e+00
     3.10791   1.000000000e+00
     3.10804   1.000000000e+00
     3.10816   1.000000000e+00
     3.10828   1.000000000e+00
     3.10841   1.000000000e+00
     3.10853   1.000000000e+00
     3.10866   1.000000000e+00
     3.10878   1.000000000e+00
     3.10890   1.000000000e+00
     3.10903   1.000000000e+00
     3.10915   1.000000000e+00
     3.10927   1.000000000e+00
     3.10940   1.000000000e+00
     3.10952   1.000000000e+00
     3.10965   1.000000000e+00
     3.10977   1.000000000e+00
     3.10989   1.000000000e+00
     3.11002   1.000000000e+00
     3.11014   1.000000000e+00
     3.11027   1.000000000e+00
     3.11039   1.000000000e+00
     3.11051   1.000000000e+00
     3.11064   1.000000000e+00
     3.11076   1.000000000e+00
     3.11089   1.000000000e+00
     3.11101   1.000000000e+00
     3.11113   1.000000000e+00
     3.11126   1.000000000e+00
     3.11138   1.000000000e+00
     3.11150   1.000000000e+00
     3.11163   1.000000000e+00
     3.11175   1.000000000e+00
     3.11188   1.000000000e+00
     3.11200   1.000000000e+00
     3.11212   1.000000000e+00
     3.11225   1.000000000e+00
     3.11237   1.000000000e+00
     3.11250   1.000000000e+00
     3.11262   1.000000000e+00
     3.11274   1.000000000e+00
     3.11287   1.000000000e+00
     3.11299   1.000000000e+00
     3.11312   1.000000000e+00
     3.11324   1.000000000e+00
     3.11336   1.000000000e+00
     3.11349   1.000000000e+00
     3.11361   1.000000000e+00
     3.11374   1.000000000e+00
     3.11386   1.000000000e+00
     3.11398   1.000000000e+00
     3.11411   1.000000000e+00
     3.11423   1.000000000e+00
     3.11435   1.000000000e+00
     3.11448   1.000000000e+00
     3.11460   1.000000000e+00
     3.11473   1.000000000e+00
     3.11485   1.000000000e+00
     3.11497   1.000000000e+00
     3.11510   1.000000000e+00
     3.11522   1.000000000e+00
     3.11535   1.000000000e+00
     3.11547   1.000000000e+00
     3.11559   1.000000000e+00
     3.11572   1.000000000e+00
     3.11584   1.000000000e+00
     3.11597   1.000000000e+00
     3.11609   1.000000000e+00
     3.11621   1.000000000e+00
     3.11634   1.000000000e+00
     3.11646   1.000000000e+00
     3.11658   1.000000000e+00
     3.11671   1.000000000e+00
     3.11683   1.000000000e+00
     3.11696   1.000000000e+00
     3.11708   1.000000000e+00
     3.11720   1.000000000e+00
     3.11733   1.000000000e+00
     3.11745   1.000000000e+00
     3.11758   1.000000000e+00
     3.11770   1.000000000e+00
     3.11782   1.000000000e+00
     3.11795   1.000000000e+00
     3.11807   1.000000000e+00
     3.11820   1.000000000e+00
     3.11832   1.000000000e+00
     3.11844   1.000000000e+00
     3.11857   1.000000000e+00
     3.11869   1.000000000e+00
     3.11881   1.000000000e+00
     3.11894   1.000000000e+00
     3.11906   1.000000000e+00
     3.11919   1.000000000e+00
     3.11931   1.000000000e+00
     3.11943   1.000000000e+00
     3.11956   1.000000000e+00
     3.11968   1.000000000e+00
     3.11981   1.000000000e+00
     3.11993   1.000000000e+00
     3.12005   1.000000000e+00
     3.12018   1.000000000e+00
     3.12030   1.000000000e+00
     3.12043   1.000000000e+00
     3.12055   1.000000000e+00
     3.12067   1.000000000e+00
     3.12080   1.000000000e+00
     3.12092   1.000000000e+00
     3.12104   1.000000000e+00
     3.12117   1.000000000e+00
     3.12129   1.000000000e+00
     3.12142   1.000000000e+00
     3.12154   1.000000000e+00
     3.12166   1.000000000e+00
     3.12179   1.000000000e+00
     3.12191   1.000000000e+00
     3.12204   1.000000000e+00
     3.12216   1.000000000e+00
     3.12228   1.000000000e+00
     3.12241   1.000000000e+00
     3.12253   1.000000000e+00
     3.12266   1.000000000e+00
     3.12278   1.000000000e+00
     3.12290   1.000000000e+00
     3.12303   1.000000000e+00
     3.12315   1.000000000e+00
     3.12327   1.000000000e+00
     3.12340   1.000000000e+00
     3.12352   1.000000000e+00
     3.12365   1.000000000e+00
     3.12377   1.000000000e+00
     3.12389   1.000000000e+00
     3.12402   1.000000000e+00
     3.12414   1.000000000e+00
     3.12427   1.000000000e+00
     3.12439   1.000000000e+00
     3.12451   1.000000000e+00
     3.12464   1.000000000e+00
     3.12476   1.000000000e+00
     3.12489   1.000000000e+00
     3.12501   1.000000000e+00
     3.12513   1.000000000e+00
     3.12526   1.000000000e+00
     3.12538   1.000000000e+00
     3.12550   1.000000000e+00
     3.12563   1.000000000e+00
     3.12575   1.000000000e+00
     3.12588   1.000000000e+00
     3.12600   1.000000000e+00
     3.12612   1.000000000e+00
     3.12625   1.000000000e+00
     3.12637   1.000000000e+00
     3.12650   1.000000000e+00
     3.12662   1.000000000e+00
     3.12674   1.000000000e+00
     3.12687   1.000000000e+00
     3.12699   1.000000000e+00
     3.12712   1.000000000e+00
     3.12724   1.000000000e+00
     3.12736   1.000000000e+00
     3.12749   1.000000000e+00
     3.12761   1.000000000e+00
     3.12773   1.000000000e+00
     3.12786   1.000000000e+00
     3.12798   1.000000000e+00
     3.12811   1.000000000e+00
     3.12823   1.000000000e+00
     3.12835   1.000000000e+00
     3.12848   1.000000000e+00
     3.12860   1.000000000e+00
     3.12873   1.000000000e+00
     3.12885   1.000000000e+00
     3.12897   1.000000000e+00
     3.12910   1.000000000e+00
     3.12922   1.000000000e+00
     3.12935   1.000000000e+00
     3.12947   1.000000000e+00
     3.12959   1.000000000e+00
     3.12972   1.000000000e+00
     3.12984   1.000000000e+00
     3.12996   1.000000000e+00
     3.13009   1.000000000e+00
     3.13021   1.000000000e+00
     3.13034   1.000000000e+00
     3.13046   1.000000000e+00
     3.13058   1.000000000e+00
     3.13071   1.000000000e+00
     3.13083   1.000000000e+00
     3.13096   1.000000000e+00
     3.13108   1.000000000e+00
     3.13120   1.000000000e+00
     3.13133   1.000000000e+00
     3.13145   1.000000000e+00
     3.13158   1.000000000e+00
     3.13170   1.000000000e+00
     3.13182   1.000000000e+00
     3.13195   1.000000000e+00
     3.13207   1.000000000e+00
     3.13219   1.000000000e+00
     3.13232   1.000000000e+00
     3.13244   1.000000000e+00
     3.13257   1.000000000e+00
     3.13269   1.000000000e+00
     3.13281   1.000000000e+00
     3.13294   1.000000000e+00
     3.13306   1.000000000e+00
     3.13319   1.000000000e+00
     3.13331   1.000000000e+00
     3.13343   1.000000000e+00
     3.13356   1.000000000e+00
     3.13368   1.000000000e+00
     3.13381   1.000000000e+00
     3.13393   1.000000000e+00
     3.13405   1.000000000e+00
     3.13418   1.000000000e+00
     3.13430   1.000000000e+00
     3.13443   1.000000000e+00
     3.13455   1.000000000e+00
     3.13467   1.000000000e+00
     3.13480   1.000000000e+00
     3.13492   1.000000000e+00
     3.13504   1.000000000e+00
     3.13517   1.000000000e+00
     3.13529   1.000000000e+00
     3.13542   1.000000000e+00
     3.13554   1.000000000e+00
     3.13566   1.000000000e+00
     3.13579   1.000000000e+00
     3.13591   1.000000000e+00
     3.13604   1.000000000e+00
     3.13616   1.000000000e+00
     3.13628   1.000000000e+00
     3.13641   1.000000000e+00
     3.13653   1.000000000e+00
     3.13666   1.000000000e+00
     3.13678   1.000000000e+00
     3.13690   1.000000000e+00
     3.13703   1.000000000e+00
     3.13715   1.000000000e+00
     3.13727   1.000000000e+00
     3.13740   1.000000000e+00
     3.13752   1.000000000e+00
     3.13765   1.000000000e+00
     3.13777   1.000000000e+00
     3.13789   1.000000000e+00
     3.13802   1.000000000e+00
     3.13814   1.000000000e+00
     3.13827   1.000000000e+00
     3.13839   1.000000000e+00
     3.13851   1.000000000e+00
     3.13864   1.000000000e+00
     3.13876   1.000000000e+00
     3.13889   1.000000000e+00
     3.13901   1.000000000e+00
     3.13913   1.000000000e+00
     3.13926   1.000000000e+00
     3.13938   1.000000000e+00
     3.13950   1.000000000e+00
     3.13963   1.000000000e+00
     3.13975   1.000000000e+00
     3.13988   1.000000000e+00
     3.14000   1.000000000e+00
     3.14012   1.000000000e+00
     3.14025   1.000000000e+00
     3.14037   1.000000000e+00
     3.14050   1.000000000e+00
     3.14062   1.000000000e+00
     3.14074   1.000000000e+00
     3.14087   1.000000000e+00
     3.14099   1.000000000e+00
     3.14112   1.000000000e+00
     3.14124   1.000000000e+00
     3.14136   1.000000000e+00
     3.14149   1.000000000e+00
     3.14161   1.000000000e+00
     3.14173   1.000000000e+00
     3.14186   1.000000000e+00
     3.14198   1.000000000e+00
     3.14211   1.000000000e+00
     3.14223   1.000000000e+00
     3.14235   1.000000000e+00
     3.14248   1.000000000e+00
     3.14260   1.000000000e+00
     3.14273   1.000000000e+00
     3.14285   1.000000000e+00
     3.14297   1.000000000e+00
     3.14310   1.000000000e+00
     3.14322   1.000000000e+00
     3.14335   1.000000000e+00
     3.14347   1.000000000e+00
     3.14359   1.000000000e+00
     3.14372   1.000000000e+00
     3.14384   0.000000000e+00
     3.14396   0.000000000e+00
     3.14409   0.000000000e+00
     3.14421   0.000000000e+00
     3.14434   0.000000000e+00
     3.14446   0.000000000e+00
     3.14458   0.000000000e+00
     3.14471   0.000000000e+00
     3.14483   0.000000000e+00
     3.14496   0.000000000e+00
     3.14508   0.000000000e+00
     3.14520   0.000000000e+00
     3.14533   0.000000000e+00
     3.14545   0.000000000e+00
     3.14558   0.000000000e+00
     3.14570   0.000000000e+00
     3.14582   0.000000000e+00
     3.14595   0.000000000e+00
     3.14607   0.000000000e+00
     3.14619   0.000000000e+00
     3.14632   0.000000000e+00
     3.14644   0.000000000e+00
     3.14657   0.000000000e+00
     3.14669   0.000000000e+00
     3.14681   0.000000000e+00
     3.14694   0.000000000e+00
     3.14706   0.000000000e+00
     3.14719   0.000000000e+00
     3.14731   0.000000000e+00
     3.14743   0.000000000e+00
     3.14756   0.000000000e+00
     3.14768   0.000000000e+00
     3.14781   0.000000000e+00
     3.14793   0.000000000e+00
     3.14805   0.000000000e+00
     3.14818   0.000000000e+00
     3.14830   0.000000000e+00
     3.14842   0.000000000e+00
     3.14855   0.000000000e+00
     3.14867   0.000000000e+00
     3.14880   0.000000000e+00
     3.14892   0.000000000e+00
     3.14904   0.000000000e+00
     3.14917   0.000000000e+00
     3.14929   0.000000000e+00
     3.14942   0.000000000e+00
     3.14954   0.000000000e+00
     3.14966   0.000000000e+00
     3.14979   0.000000000e+00
     3.14991   0.000000000e+00
