# Wavelength      transmission
#         um          unitless
     0.57900   0.000000000e+00
     0.57942   0.000000000e+00
     0.57984   0.000000000e+00
     0.58026   0.000000000e+00
     0.58068   0.000000000e+00
     0.58110   0.000000000e+00
     0.58152   0.000000000e+00
     0.58194   0.000000000e+00
     0.58236   0.000000000e+00
     0.58278   0.000000000e+00
     0.58320   0.000000000e+00
     0.58362   0.000000000e+00
     0.58404   0.000000000e+00
     0.58446   0.000000000e+00
     0.58488   0.000000000e+00
     0.58530   0.000000000e+00
     0.58572   0.000000000e+00
     0.58614   0.000000000e+00
     0.58656   0.000000000e+00
     0.58698   0.000000000e+00
     0.58740   0.000000000e+00
     0.58782   0.000000000e+00
     0.58824   0.000000000e+00
     0.58866   0.000000000e+00
     0.58908   0.000000000e+00
     0.58950   0.000000000e+00
     0.58992   0.000000000e+00
     0.59034   0.000000000e+00
     0.59076   0.000000000e+00
     0.59118   0.000000000e+00
     0.59160   0.000000000e+00
     0.59202   0.000000000e+00
     0.59244   0.000000000e+00
     0.59286   0.000000000e+00
     0.59328   0.000000000e+00
     0.59370   0.000000000e+00
     0.59412   0.000000000e+00
     0.59454   0.000000000e+00
     0.59496   0.000000000e+00
     0.59538   0.000000000e+00
     0.59580   0.000000000e+00
     0.59622   0.000000000e+00
     0.59664   0.000000000e+00
     0.59706   0.000000000e+00
     0.59748   0.000000000e+00
     0.59790   0.000000000e+00
     0.59832   0.000000000e+00
     0.59874   0.000000000e+00
     0.59916   0.000000000e+00
     0.59958   0.000000000e+00
     0.60000   0.000000000e+00
     0.60042   1.000000000e+00
     0.60084   1.000000000e+00
     0.60126   1.000000000e+00
     0.60168   1.000000000e+00
     0.60210   1.000000000e+00
     0.60252   1.000000000e+00
     0.60294   1.000000000e+00
     0.60336   1.000000000e+00
     0.60378   1.000000000e+00
     0.60420   1.000000000e+00
     0.60462   1.000000000e+00
     0.60504   1.000000000e+00
     0.60546   1.000000000e+00
     0.60588   1.000000000e+00
     0.60630   1.000000000e+00
     0.60672   1.000000000e+00
     0.60714   1.000000000e+00
     0.60756   1.000000000e+00
     0.60798   1.000000000e+00
     0.60840   1.000000000e+00
     0.60882   1.000000000e+00
     0.60924   1.000000000e+00
     0.60966   1.000000000e+00
     0.61008   1.000000000e+00
     0.61050   1.000000000e+00
     0.61092   1.000000000e+00
     0.61134   1.000000000e+00
     0.61176   1.000000000e+00
     0.61218   1.000000000e+00
     0.61260   1.000000000e+00
     0.61302   1.000000000e+00
     0.61344   1.000000000e+00
     0.61386   1.000000000e+00
     0.61428   1.000000000e+00
     0.61470   1.000000000e+00
     0.61512   1.000000000e+00
     0.61554   1.000000000e+00
     0.61596   1.000000000e+00
     0.61638   1.000000000e+00
     0.61680   1.000000000e+00
     0.61722   1.000000000e+00
     0.61764   1.000000000e+00
     0.61806   1.000000000e+00
     0.61848   1.000000000e+00
     0.61890   1.000000000e+00
     0.61932   1.000000000e+00
     0.61974   1.000000000e+00
     0.62016   1.000000000e+00
     0.62058   1.000000000e+00
     0.62100   1.000000000e+00
     0.62142   1.000000000e+00
     0.62184   1.000000000e+00
     0.62226   1.000000000e+00
     0.62268   1.000000000e+00
     0.62310   1.000000000e+00
     0.62352   1.000000000e+00
     0.62394   1.000000000e+00
     0.62436   1.000000000e+00
     0.62478   1.000000000e+00
     0.62520   1.000000000e+00
     0.62562   1.000000000e+00
     0.62604   1.000000000e+00
     0.62646   1.000000000e+00
     0.62688   1.000000000e+00
     0.62730   1.000000000e+00
     0.62772   1.000000000e+00
     0.62814   1.000000000e+00
     0.62856   1.000000000e+00
     0.62898   1.000000000e+00
     0.62940   1.000000000e+00
     0.62982   1.000000000e+00
     0.63024   1.000000000e+00
     0.63066   1.000000000e+00
     0.63108   1.000000000e+00
     0.63150   1.000000000e+00
     0.63192   1.000000000e+00
     0.63234   1.000000000e+00
     0.63276   1.000000000e+00
     0.63318   1.000000000e+00
     0.63360   1.000000000e+00
     0.63402   1.000000000e+00
     0.63444   1.000000000e+00
     0.63486   1.000000000e+00
     0.63528   1.000000000e+00
     0.63570   1.000000000e+00
     0.63612   1.000000000e+00
     0.63654   1.000000000e+00
     0.63696   1.000000000e+00
     0.63738   1.000000000e+00
     0.63780   1.000000000e+00
     0.63822   1.000000000e+00
     0.63864   1.000000000e+00
     0.63906   1.000000000e+00
     0.63948   1.000000000e+00
     0.63990   1.000000000e+00
     0.64032   1.000000000e+00
     0.64074   1.000000000e+00
     0.64116   1.000000000e+00
     0.64158   1.000000000e+00
     0.64200   1.000000000e+00
     0.64242   1.000000000e+00
     0.64284   1.000000000e+00
     0.64326   1.000000000e+00
     0.64368   1.000000000e+00
     0.64410   1.000000000e+00
     0.64452   1.000000000e+00
     0.64494   1.000000000e+00
     0.64536   1.000000000e+00
     0.64578   1.000000000e+00
     0.64620   1.000000000e+00
     0.64662   1.000000000e+00
     0.64704   1.000000000e+00
     0.64746   1.000000000e+00
     0.64788   1.000000000e+00
     0.64830   1.000000000e+00
     0.64872   1.000000000e+00
     0.64914   1.000000000e+00
     0.64956   1.000000000e+00
     0.64998   1.000000000e+00
     0.65040   1.000000000e+00
     0.65082   1.000000000e+00
     0.65124   1.000000000e+00
     0.65166   1.000000000e+00
     0.65208   1.000000000e+00
     0.65250   1.000000000e+00
     0.65292   1.000000000e+00
     0.65334   1.000000000e+00
     0.65376   1.000000000e+00
     0.65418   1.000000000e+00
     0.65460   1.000000000e+00
     0.65502   1.000000000e+00
     0.65544   1.000000000e+00
     0.65586   1.000000000e+00
     0.65628   1.000000000e+00
     0.65670   1.000000000e+00
     0.65712   1.000000000e+00
     0.65754   1.000000000e+00
     0.65796   1.000000000e+00
     0.65838   1.000000000e+00
     0.65880   1.000000000e+00
     0.65922   1.000000000e+00
     0.65964   1.000000000e+00
     0.66006   1.000000000e+00
     0.66048   1.000000000e+00
     0.66090   1.000000000e+00
     0.66132   1.000000000e+00
     0.66174   1.000000000e+00
     0.66216   1.000000000e+00
     0.66258   1.000000000e+00
     0.66300   1.000000000e+00
     0.66342   1.000000000e+00
     0.66384   1.000000000e+00
     0.66426   1.000000000e+00
     0.66468   1.000000000e+00
     0.66510   1.000000000e+00
     0.66552   1.000000000e+00
     0.66594   1.000000000e+00
     0.66636   1.000000000e+00
     0.66678   1.000000000e+00
     0.66720   1.000000000e+00
     0.66762   1.000000000e+00
     0.66804   1.000000000e+00
     0.66846   1.000000000e+00
     0.66888   1.000000000e+00
     0.66930   1.000000000e+00
     0.66972   1.000000000e+00
     0.67014   1.000000000e+00
     0.67056   1.000000000e+00
     0.67098   1.000000000e+00
     0.67140   1.000000000e+00
     0.67182   1.000000000e+00
     0.67224   1.000000000e+00
     0.67266   1.000000000e+00
     0.67308   1.000000000e+00
     0.67350   1.000000000e+00
     0.67392   1.000000000e+00
     0.67434   1.000000000e+00
     0.67476   1.000000000e+00
     0.67518   1.000000000e+00
     0.67560   1.000000000e+00
     0.67602   1.000000000e+00
     0.67644   1.000000000e+00
     0.67686   1.000000000e+00
     0.67728   1.000000000e+00
     0.67770   1.000000000e+00
     0.67812   1.000000000e+00
     0.67854   1.000000000e+00
     0.67896   1.000000000e+00
     0.67938   1.000000000e+00
     0.67980   1.000000000e+00
     0.68022   1.000000000e+00
     0.68064   1.000000000e+00
     0.68106   1.000000000e+00
     0.68148   1.000000000e+00
     0.68190   1.000000000e+00
     0.68232   1.000000000e+00
     0.68274   1.000000000e+00
     0.68316   1.000000000e+00
     0.68358   1.000000000e+00
     0.68400   1.000000000e+00
     0.68442   1.000000000e+00
     0.68484   1.000000000e+00
     0.68526   1.000000000e+00
     0.68568   1.000000000e+00
     0.68610   1.000000000e+00
     0.68652   1.000000000e+00
     0.68694   1.000000000e+00
     0.68736   1.000000000e+00
     0.68778   1.000000000e+00
     0.68820   1.000000000e+00
     0.68862   1.000000000e+00
     0.68904   1.000000000e+00
     0.68946   1.000000000e+00
     0.68988   1.000000000e+00
     0.69030   1.000000000e+00
     0.69072   1.000000000e+00
     0.69114   1.000000000e+00
     0.69156   1.000000000e+00
     0.69198   1.000000000e+00
     0.69240   1.000000000e+00
     0.69282   1.000000000e+00
     0.69324   1.000000000e+00
     0.69366   1.000000000e+00
     0.69408   1.000000000e+00
     0.69450   1.000000000e+00
     0.69492   1.000000000e+00
     0.69534   1.000000000e+00
     0.69576   1.000000000e+00
     0.69618   1.000000000e+00
     0.69660   1.000000000e+00
     0.69702   1.000000000e+00
     0.69744   1.000000000e+00
     0.69786   1.000000000e+00
     0.69828   1.000000000e+00
     0.69870   1.000000000e+00
     0.69912   1.000000000e+00
     0.69954   1.000000000e+00
     0.69996   1.000000000e+00
     0.70038   1.000000000e+00
     0.70080   1.000000000e+00
     0.70122   1.000000000e+00
     0.70164   1.000000000e+00
     0.70206   1.000000000e+00
     0.70248   1.000000000e+00
     0.70290   1.000000000e+00
     0.70332   1.000000000e+00
     0.70374   1.000000000e+00
     0.70416   1.000000000e+00
     0.70458   1.000000000e+00
     0.70500   1.000000000e+00
     0.70542   1.000000000e+00
     0.70584   1.000000000e+00
     0.70626   1.000000000e+00
     0.70668   1.000000000e+00
     0.70710   1.000000000e+00
     0.70752   1.000000000e+00
     0.70794   1.000000000e+00
     0.70836   1.000000000e+00
     0.70878   1.000000000e+00
     0.70920   1.000000000e+00
     0.70962   1.000000000e+00
     0.71004   1.000000000e+00
     0.71046   1.000000000e+00
     0.71088   1.000000000e+00
     0.71130   1.000000000e+00
     0.71172   1.000000000e+00
     0.71214   1.000000000e+00
     0.71256   1.000000000e+00
     0.71298   1.000000000e+00
     0.71340   1.000000000e+00
     0.71382   1.000000000e+00
     0.71424   1.000000000e+00
     0.71466   1.000000000e+00
     0.71508   1.000000000e+00
     0.71550   1.000000000e+00
     0.71592   1.000000000e+00
     0.71634   1.000000000e+00
     0.71676   1.000000000e+00
     0.71718   1.000000000e+00
     0.71760   1.000000000e+00
     0.71802   1.000000000e+00
     0.71844   1.000000000e+00
     0.71886   1.000000000e+00
     0.71928   1.000000000e+00
     0.71970   1.000000000e+00
     0.72012   1.000000000e+00
     0.72054   1.000000000e+00
     0.72096   1.000000000e+00
     0.72138   1.000000000e+00
     0.72180   1.000000000e+00
     0.72222   1.000000000e+00
     0.72264   1.000000000e+00
     0.72306   1.000000000e+00
     0.72348   1.000000000e+00
     0.72390   1.000000000e+00
     0.72432   1.000000000e+00
     0.72474   1.000000000e+00
     0.72516   1.000000000e+00
     0.72558   1.000000000e+00
     0.72600   1.000000000e+00
     0.72642   1.000000000e+00
     0.72684   1.000000000e+00
     0.72726   1.000000000e+00
     0.72768   1.000000000e+00
     0.72810   1.000000000e+00
     0.72852   1.000000000e+00
     0.72894   1.000000000e+00
     0.72936   1.000000000e+00
     0.72978   1.000000000e+00
     0.73020   1.000000000e+00
     0.73062   1.000000000e+00
     0.73104   1.000000000e+00
     0.73146   1.000000000e+00
     0.73188   1.000000000e+00
     0.73230   1.000000000e+00
     0.73272   1.000000000e+00
     0.73314   1.000000000e+00
     0.73356   1.000000000e+00
     0.73398   1.000000000e+00
     0.73440   1.000000000e+00
     0.73482   1.000000000e+00
     0.73524   1.000000000e+00
     0.73566   1.000000000e+00
     0.73608   1.000000000e+00
     0.73650   1.000000000e+00
     0.73692   1.000000000e+00
     0.73734   1.000000000e+00
     0.73776   1.000000000e+00
     0.73818   1.000000000e+00
     0.73860   1.000000000e+00
     0.73902   1.000000000e+00
     0.73944   1.000000000e+00
     0.73986   1.000000000e+00
     0.74028   1.000000000e+00
     0.74070   1.000000000e+00
     0.74112   1.000000000e+00
     0.74154   1.000000000e+00
     0.74196   1.000000000e+00
     0.74238   1.000000000e+00
     0.74280   1.000000000e+00
     0.74322   1.000000000e+00
     0.74364   1.000000000e+00
     0.74406   1.000000000e+00
     0.74448   1.000000000e+00
     0.74490   1.000000000e+00
     0.74532   1.000000000e+00
     0.74574   1.000000000e+00
     0.74616   1.000000000e+00
     0.74658   1.000000000e+00
     0.74700   1.000000000e+00
     0.74742   1.000000000e+00
     0.74784   1.000000000e+00
     0.74826   1.000000000e+00
     0.74868   1.000000000e+00
     0.74910   1.000000000e+00
     0.74952   1.000000000e+00
     0.74994   1.000000000e+00
     0.75036   1.000000000e+00
     0.75078   1.000000000e+00
     0.75120   1.000000000e+00
     0.75162   1.000000000e+00
     0.75204   1.000000000e+00
     0.75246   1.000000000e+00
     0.75288   1.000000000e+00
     0.75330   1.000000000e+00
     0.75372   1.000000000e+00
     0.75414   1.000000000e+00
     0.75456   1.000000000e+00
     0.75498   1.000000000e+00
     0.75540   1.000000000e+00
     0.75582   1.000000000e+00
     0.75624   1.000000000e+00
     0.75666   1.000000000e+00
     0.75708   1.000000000e+00
     0.75750   1.000000000e+00
     0.75792   1.000000000e+00
     0.75834   1.000000000e+00
     0.75876   1.000000000e+00
     0.75918   1.000000000e+00
     0.75960   1.000000000e+00
     0.76002   1.000000000e+00
     0.76044   1.000000000e+00
     0.76086   1.000000000e+00
     0.76128   1.000000000e+00
     0.76170   1.000000000e+00
     0.76212   1.000000000e+00
     0.76254   1.000000000e+00
     0.76296   1.000000000e+00
     0.76338   1.000000000e+00
     0.76380   1.000000000e+00
     0.76422   1.000000000e+00
     0.76464   1.000000000e+00
     0.76506   1.000000000e+00
     0.76548   1.000000000e+00
     0.76590   1.000000000e+00
     0.76632   1.000000000e+00
     0.76674   1.000000000e+00
     0.76716   1.000000000e+00
     0.76758   1.000000000e+00
     0.76800   1.000000000e+00
     0.76842   1.000000000e+00
     0.76884   1.000000000e+00
     0.76926   1.000000000e+00
     0.76968   1.000000000e+00
     0.77010   1.000000000e+00
     0.77052   1.000000000e+00
     0.77094   1.000000000e+00
     0.77136   1.000000000e+00
     0.77178   1.000000000e+00
     0.77220   1.000000000e+00
     0.77262   1.000000000e+00
     0.77304   1.000000000e+00
     0.77346   1.000000000e+00
     0.77388   1.000000000e+00
     0.77430   1.000000000e+00
     0.77472   1.000000000e+00
     0.77514   1.000000000e+00
     0.77556   1.000000000e+00
     0.77598   1.000000000e+00
     0.77640   1.000000000e+00
     0.77682   1.000000000e+00
     0.77724   1.000000000e+00
     0.77766   1.000000000e+00
     0.77808   1.000000000e+00
     0.77850   1.000000000e+00
     0.77892   1.000000000e+00
     0.77934   1.000000000e+00
     0.77976   1.000000000e+00
     0.78018   1.000000000e+00
     0.78060   1.000000000e+00
     0.78102   1.000000000e+00
     0.78144   1.000000000e+00
     0.78186   1.000000000e+00
     0.78228   1.000000000e+00
     0.78270   1.000000000e+00
     0.78312   1.000000000e+00
     0.78354   1.000000000e+00
     0.78396   1.000000000e+00
     0.78438   1.000000000e+00
     0.78480   1.000000000e+00
     0.78522   1.000000000e+00
     0.78564   1.000000000e+00
     0.78606   1.000000000e+00
     0.78648   1.000000000e+00
     0.78690   1.000000000e+00
     0.78732   1.000000000e+00
     0.78774   1.000000000e+00
     0.78816   1.000000000e+00
     0.78858   1.000000000e+00
     0.78900   1.000000000e+00
     0.78942   1.000000000e+00
     0.78984   1.000000000e+00
     0.79026   1.000000000e+00
     0.79068   1.000000000e+00
     0.79110   1.000000000e+00
     0.79152   1.000000000e+00
     0.79194   1.000000000e+00
     0.79236   1.000000000e+00
     0.79278   1.000000000e+00
     0.79320   1.000000000e+00
     0.79362   1.000000000e+00
     0.79404   1.000000000e+00
     0.79446   1.000000000e+00
     0.79488   1.000000000e+00
     0.79530   1.000000000e+00
     0.79572   1.000000000e+00
     0.79614   1.000000000e+00
     0.79656   1.000000000e+00
     0.79698   1.000000000e+00
     0.79740   1.000000000e+00
     0.79782   1.000000000e+00
     0.79824   1.000000000e+00
     0.79866   1.000000000e+00
     0.79908   1.000000000e+00
     0.79950   1.000000000e+00
     0.79992   1.000000000e+00
     0.80034   1.000000000e+00
     0.80076   1.000000000e+00
     0.80118   1.000000000e+00
     0.80160   1.000000000e+00
     0.80202   1.000000000e+00
     0.80244   1.000000000e+00
     0.80286   1.000000000e+00
     0.80328   1.000000000e+00
     0.80370   1.000000000e+00
     0.80412   1.000000000e+00
     0.80454   1.000000000e+00
     0.80496   1.000000000e+00
     0.80538   1.000000000e+00
     0.80580   1.000000000e+00
     0.80622   1.000000000e+00
     0.80664   1.000000000e+00
     0.80706   1.000000000e+00
     0.80748   1.000000000e+00
     0.80790   1.000000000e+00
     0.80832   1.000000000e+00
     0.80874   1.000000000e+00
     0.80916   1.000000000e+00
     0.80958   1.000000000e+00
     0.81000   1.000000000e+00
     0.81042   0.000000000e+00
     0.81084   0.000000000e+00
     0.81126   0.000000000e+00
     0.81168   0.000000000e+00
     0.81210   0.000000000e+00
     0.81252   0.000000000e+00
     0.81294   0.000000000e+00
     0.81336   0.000000000e+00
     0.81378   0.000000000e+00
     0.81420   0.000000000e+00
     0.81462   0.000000000e+00
     0.81504   0.000000000e+00
     0.81546   0.000000000e+00
     0.81588   0.000000000e+00
     0.81630   0.000000000e+00
     0.81672   0.000000000e+00
     0.81714   0.000000000e+00
     0.81756   0.000000000e+00
     0.81798   0.000000000e+00
     0.81840   0.000000000e+00
     0.81882   0.000000000e+00
     0.81924   0.000000000e+00
     0.81966   0.000000000e+00
     0.82008   0.000000000e+00
     0.82050   0.000000000e+00
     0.82092   0.000000000e+00
     0.82134   0.000000000e+00
     0.82176   0.000000000e+00
     0.82218   0.000000000e+00
     0.82260   0.000000000e+00
     0.82302   0.000000000e+00
     0.82344   0.000000000e+00
     0.82386   0.000000000e+00
     0.82428   0.000000000e+00
     0.82470   0.000000000e+00
     0.82512   0.000000000e+00
     0.82554   0.000000000e+00
     0.82596   0.000000000e+00
     0.82638   0.000000000e+00
     0.82680   0.000000000e+00
     0.82722   0.000000000e+00
     0.82764   0.000000000e+00
     0.82806   0.000000000e+00
     0.82848   0.000000000e+00
     0.82890   0.000000000e+00
     0.82932   0.000000000e+00
     0.82974   0.000000000e+00
     0.83016   0.000000000e+00
     0.83058   0.000000000e+00
     0.83100   0.000000000e+00
