# Wavelength      transmission
#         um          unitless
     0.78100   0.000000000e+00
     0.78158   0.000000000e+00
     0.78216   0.000000000e+00
     0.78274   0.000000000e+00
     0.78332   0.000000000e+00
     0.78390   0.000000000e+00
     0.78448   0.000000000e+00
     0.78506   0.000000000e+00
     0.78564   0.000000000e+00
     0.78622   0.000000000e+00
     0.78680   0.000000000e+00
     0.78738   0.000000000e+00
     0.78796   0.000000000e+00
     0.78854   0.000000000e+00
     0.78912   0.000000000e+00
     0.78970   0.000000000e+00
     0.79028   0.000000000e+00
     0.79086   0.000000000e+00
     0.79144   0.000000000e+00
     0.79202   0.000000000e+00
     0.79260   0.000000000e+00
     0.79318   0.000000000e+00
     0.79376   0.000000000e+00
     0.79434   0.000000000e+00
     0.79492   0.000000000e+00
     0.79550   0.000000000e+00
     0.79608   0.000000000e+00
     0.79666   0.000000000e+00
     0.79724   0.000000000e+00
     0.79782   0.000000000e+00
     0.79840   0.000000000e+00
     0.79898   0.000000000e+00
     0.79956   0.000000000e+00
     0.80014   0.000000000e+00
     0.80072   0.000000000e+00
     0.80130   0.000000000e+00
     0.80188   0.000000000e+00
     0.80246   0.000000000e+00
     0.80304   0.000000000e+00
     0.80362   0.000000000e+00
     0.80420   0.000000000e+00
     0.80478   0.000000000e+00
     0.80536   0.000000000e+00
     0.80594   0.000000000e+00
     0.80652   0.000000000e+00
     0.80710   0.000000000e+00
     0.80768   0.000000000e+00
     0.80826   0.000000000e+00
     0.80884   0.000000000e+00
     0.80942   0.000000000e+00
     0.81000   1.000000000e+00
     0.81058   1.000000000e+00
     0.81116   1.000000000e+00
     0.81174   1.000000000e+00
     0.81232   1.000000000e+00
     0.81290   1.000000000e+00
     0.81348   1.000000000e+00
     0.81406   1.000000000e+00
     0.81464   1.000000000e+00
     0.81522   1.000000000e+00
     0.81580   1.000000000e+00
     0.81638   1.000000000e+00
     0.81696   1.000000000e+00
     0.81754   1.000000000e+00
     0.81812   1.000000000e+00
     0.81870   1.000000000e+00
     0.81928   1.000000000e+00
     0.81986   1.000000000e+00
     0.82044   1.000000000e+00
     0.82102   1.000000000e+00
     0.82160   1.000000000e+00
     0.82218   1.000000000e+00
     0.82276   1.000000000e+00
     0.82334   1.000000000e+00
     0.82392   1.000000000e+00
     0.82450   1.000000000e+00
     0.82508   1.000000000e+00
     0.82566   1.000000000e+00
     0.82624   1.000000000e+00
     0.82682   1.000000000e+00
     0.82740   1.000000000e+00
     0.82798   1.000000000e+00
     0.82856   1.000000000e+00
     0.82914   1.000000000e+00
     0.82972   1.000000000e+00
     0.83030   1.000000000e+00
     0.83088   1.000000000e+00
     0.83146   1.000000000e+00
     0.83204   1.000000000e+00
     0.83262   1.000000000e+00
     0.83320   1.000000000e+00
     0.83378   1.000000000e+00
     0.83436   1.000000000e+00
     0.83494   1.000000000e+00
     0.83552   1.000000000e+00
     0.83610   1.000000000e+00
     0.83668   1.000000000e+00
     0.83726   1.000000000e+00
     0.83784   1.000000000e+00
     0.83842   1.000000000e+00
     0.83900   1.000000000e+00
     0.83958   1.000000000e+00
     0.84016   1.000000000e+00
     0.84074   1.000000000e+00
     0.84132   1.000000000e+00
     0.84190   1.000000000e+00
     0.84248   1.000000000e+00
     0.84306   1.000000000e+00
     0.84364   1.000000000e+00
     0.84422   1.000000000e+00
     0.84480   1.000000000e+00
     0.84538   1.000000000e+00
     0.84596   1.000000000e+00
     0.84654   1.000000000e+00
     0.84712   1.000000000e+00
     0.84770   1.000000000e+00
     0.84828   1.000000000e+00
     0.84886   1.000000000e+00
     0.84944   1.000000000e+00
     0.85002   1.000000000e+00
     0.85060   1.000000000e+00
     0.85118   1.000000000e+00
     0.85176   1.000000000e+00
     0.85234   1.000000000e+00
     0.85292   1.000000000e+00
     0.85350   1.000000000e+00
     0.85408   1.000000000e+00
     0.85466   1.000000000e+00
     0.85524   1.000000000e+00
     0.85582   1.000000000e+00
     0.85640   1.000000000e+00
     0.85698   1.000000000e+00
     0.85756   1.000000000e+00
     0.85814   1.000000000e+00
     0.85872   1.000000000e+00
     0.85930   1.000000000e+00
     0.85988   1.000000000e+00
     0.86046   1.000000000e+00
     0.86104   1.000000000e+00
     0.86162   1.000000000e+00
     0.86220   1.000000000e+00
     0.86278   1.000000000e+00
     0.86336   1.000000000e+00
     0.86394   1.000000000e+00
     0.86452   1.000000000e+00
     0.86510   1.000000000e+00
     0.86568   1.000000000e+00
     0.86626   1.000000000e+00
     0.86684   1.000000000e+00
     0.86742   1.000000000e+00
     0.86800   1.000000000e+00
     0.86858   1.000000000e+00
     0.86916   1.000000000e+00
     0.86974   1.000000000e+00
     0.87032   1.000000000e+00
     0.87090   1.000000000e+00
     0.87148   1.000000000e+00
     0.87206   1.000000000e+00
     0.87264   1.000000000e+00
     0.87322   1.000000000e+00
     0.87380   1.000000000e+00
     0.87438   1.000000000e+00
     0.87496   1.000000000e+00
     0.87554   1.000000000e+00
     0.87612   1.000000000e+00
     0.87670   1.000000000e+00
     0.87728   1.000000000e+00
     0.87786   1.000000000e+00
     0.87844   1.000000000e+00
     0.87902   1.000000000e+00
     0.87960   1.000000000e+00
     0.88018   1.000000000e+00
     0.88076   1.000000000e+00
     0.88134   1.000000000e+00
     0.88192   1.000000000e+00
     0.88250   1.000000000e+00
     0.88308   1.000000000e+00
     0.88366   1.000000000e+00
     0.88424   1.000000000e+00
     0.88482   1.000000000e+00
     0.88540   1.000000000e+00
     0.88598   1.000000000e+00
     0.88656   1.000000000e+00
     0.88714   1.000000000e+00
     0.88772   1.000000000e+00
     0.88830   1.000000000e+00
     0.88888   1.000000000e+00
     0.88946   1.000000000e+00
     0.89004   1.000000000e+00
     0.89062   1.000000000e+00
     0.89120   1.000000000e+00
     0.89178   1.000000000e+00
     0.89236   1.000000000e+00
     0.89294   1.000000000e+00
     0.89352   1.000000000e+00
     0.89410   1.000000000e+00
     0.89468   1.000000000e+00
     0.89526   1.000000000e+00
     0.89584   1.000000000e+00
     0.89642   1.000000000e+00
     0.89700   1.000000000e+00
     0.89758   1.000000000e+00
     0.89816   1.000000000e+00
     0.89874   1.000000000e+00
     0.89932   1.000000000e+00
     0.89990   1.000000000e+00
     0.90048   1.000000000e+00
     0.90106   1.000000000e+00
     0.90164   1.000000000e+00
     0.90222   1.000000000e+00
     0.90280   1.000000000e+00
     0.90338   1.000000000e+00
     0.90396   1.000000000e+00
     0.90454   1.000000000e+00
     0.90512   1.000000000e+00
     0.90570   1.000000000e+00
     0.90628   1.000000000e+00
     0.90686   1.000000000e+00
     0.90744   1.000000000e+00
     0.90802   1.000000000e+00
     0.90860   1.000000000e+00
     0.90918   1.000000000e+00
     0.90976   1.000000000e+00
     0.91034   1.000000000e+00
     0.91092   1.000000000e+00
     0.91150   1.000000000e+00
     0.91208   1.000000000e+00
     0.91266   1.000000000e+00
     0.91324   1.000000000e+00
     0.91382   1.000000000e+00
     0.91440   1.000000000e+00
     0.91498   1.000000000e+00
     0.91556   1.000000000e+00
     0.91614   1.000000000e+00
     0.91672   1.000000000e+00
     0.91730   1.000000000e+00
     0.91788   1.000000000e+00
     0.91846   1.000000000e+00
     0.91904   1.000000000e+00
     0.91962   1.000000000e+00
     0.92020   1.000000000e+00
     0.92078   1.000000000e+00
     0.92136   1.000000000e+00
     0.92194   1.000000000e+00
     0.92252   1.000000000e+00
     0.92310   1.000000000e+00
     0.92368   1.000000000e+00
     0.92426   1.000000000e+00
     0.92484   1.000000000e+00
     0.92542   1.000000000e+00
     0.92600   1.000000000e+00
     0.92658   1.000000000e+00
     0.92716   1.000000000e+00
     0.92774   1.000000000e+00
     0.92832   1.000000000e+00
     0.92890   1.000000000e+00
     0.92948   1.000000000e+00
     0.93006   1.000000000e+00
     0.93064   1.000000000e+00
     0.93122   1.000000000e+00
     0.93180   1.000000000e+00
     0.93238   1.000000000e+00
     0.93296   1.000000000e+00
     0.93354   1.000000000e+00
     0.93412   1.000000000e+00
     0.93470   1.000000000e+00
     0.93528   1.000000000e+00
     0.93586   1.000000000e+00
     0.93644   1.000000000e+00
     0.93702   1.000000000e+00
     0.93760   1.000000000e+00
     0.93818   1.000000000e+00
     0.93876   1.000000000e+00
     0.93934   1.000000000e+00
     0.93992   1.000000000e+00
     0.94050   1.000000000e+00
     0.94108   1.000000000e+00
     0.94166   1.000000000e+00
     0.94224   1.000000000e+00
     0.94282   1.000000000e+00
     0.94340   1.000000000e+00
     0.94398   1.000000000e+00
     0.94456   1.000000000e+00
     0.94514   1.000000000e+00
     0.94572   1.000000000e+00
     0.94630   1.000000000e+00
     0.94688   1.000000000e+00
     0.94746   1.000000000e+00
     0.94804   1.000000000e+00
     0.94862   1.000000000e+00
     0.94920   1.000000000e+00
     0.94978   1.000000000e+00
     0.95036   1.000000000e+00
     0.95094   1.000000000e+00
     0.95152   1.000000000e+00
     0.95210   1.000000000e+00
     0.95268   1.000000000e+00
     0.95326   1.000000000e+00
     0.95384   1.000000000e+00
     0.95442   1.000000000e+00
     0.95500   1.000000000e+00
     0.95558   1.000000000e+00
     0.95616   1.000000000e+00
     0.95674   1.000000000e+00
     0.95732   1.000000000e+00
     0.95790   1.000000000e+00
     0.95848   1.000000000e+00
     0.95906   1.000000000e+00
     0.95964   1.000000000e+00
     0.96022   1.000000000e+00
     0.96080   1.000000000e+00
     0.96138   1.000000000e+00
     0.96196   1.000000000e+00
     0.96254   1.000000000e+00
     0.96312   1.000000000e+00
     0.96370   1.000000000e+00
     0.96428   1.000000000e+00
     0.96486   1.000000000e+00
     0.96544   1.000000000e+00
     0.96602   1.000000000e+00
     0.96660   1.000000000e+00
     0.96718   1.000000000e+00
     0.96776   1.000000000e+00
     0.96834   1.000000000e+00
     0.96892   1.000000000e+00
     0.96950   1.000000000e+00
     0.97008   1.000000000e+00
     0.97066   1.000000000e+00
     0.97124   1.000000000e+00
     0.97182   1.000000000e+00
     0.97240   1.000000000e+00
     0.97298   1.000000000e+00
     0.97356   1.000000000e+00
     0.97414   1.000000000e+00
     0.97472   1.000000000e+00
     0.97530   1.000000000e+00
     0.97588   1.000000000e+00
     0.97646   1.000000000e+00
     0.97704   1.000000000e+00
     0.97762   1.000000000e+00
     0.97820   1.000000000e+00
     0.97878   1.000000000e+00
     0.97936   1.000000000e+00
     0.97994   1.000000000e+00
     0.98052   1.000000000e+00
     0.98110   1.000000000e+00
     0.98168   1.000000000e+00
     0.98226   1.000000000e+00
     0.98284   1.000000000e+00
     0.98342   1.000000000e+00
     0.98400   1.000000000e+00
     0.98458   1.000000000e+00
     0.98516   1.000000000e+00
     0.98574   1.000000000e+00
     0.98632   1.000000000e+00
     0.98690   1.000000000e+00
     0.98748   1.000000000e+00
     0.98806   1.000000000e+00
     0.98864   1.000000000e+00
     0.98922   1.000000000e+00
     0.98980   1.000000000e+00
     0.99038   1.000000000e+00
     0.99096   1.000000000e+00
     0.99154   1.000000000e+00
     0.99212   1.000000000e+00
     0.99270   1.000000000e+00
     0.99328   1.000000000e+00
     0.99386   1.000000000e+00
     0.99444   1.000000000e+00
     0.99502   1.000000000e+00
     0.99560   1.000000000e+00
     0.99618   1.000000000e+00
     0.99676   1.000000000e+00
     0.99734   1.000000000e+00
     0.99792   1.000000000e+00
     0.99850   1.000000000e+00
     0.99908   1.000000000e+00
     0.99966   1.000000000e+00
     1.00024   1.000000000e+00
     1.00082   1.000000000e+00
     1.00140   1.000000000e+00
     1.00198   1.000000000e+00
     1.00256   1.000000000e+00
     1.00314   1.000000000e+00
     1.00372   1.000000000e+00
     1.00430   1.000000000e+00
     1.00488   1.000000000e+00
     1.00546   1.000000000e+00
     1.00604   1.000000000e+00
     1.00662   1.000000000e+00
     1.00720   1.000000000e+00
     1.00778   1.000000000e+00
     1.00836   1.000000000e+00
     1.00894   1.000000000e+00
     1.00952   1.000000000e+00
     1.01010   1.000000000e+00
     1.01068   1.000000000e+00
     1.01126   1.000000000e+00
     1.01184   1.000000000e+00
     1.01242   1.000000000e+00
     1.01300   1.000000000e+00
     1.01358   1.000000000e+00
     1.01416   1.000000000e+00
     1.01474   1.000000000e+00
     1.01532   1.000000000e+00
     1.01590   1.000000000e+00
     1.01648   1.000000000e+00
     1.01706   1.000000000e+00
     1.01764   1.000000000e+00
     1.01822   1.000000000e+00
     1.01880   1.000000000e+00
     1.01938   1.000000000e+00
     1.01996   1.000000000e+00
     1.02054   1.000000000e+00
     1.02112   1.000000000e+00
     1.02170   1.000000000e+00
     1.02228   1.000000000e+00
     1.02286   1.000000000e+00
     1.02344   1.000000000e+00
     1.02402   1.000000000e+00
     1.02460   1.000000000e+00
     1.02518   1.000000000e+00
     1.02576   1.000000000e+00
     1.02634   1.000000000e+00
     1.02692   1.000000000e+00
     1.02750   1.000000000e+00
     1.02808   1.000000000e+00
     1.02866   1.000000000e+00
     1.02924   1.000000000e+00
     1.02982   1.000000000e+00
     1.03040   1.000000000e+00
     1.03098   1.000000000e+00
     1.03156   1.000000000e+00
     1.03214   1.000000000e+00
     1.03272   1.000000000e+00
     1.03330   1.000000000e+00
     1.03388   1.000000000e+00
     1.03446   1.000000000e+00
     1.03504   1.000000000e+00
     1.03562   1.000000000e+00
     1.03620   1.000000000e+00
     1.03678   1.000000000e+00
     1.03736   1.000000000e+00
     1.03794   1.000000000e+00
     1.03852   1.000000000e+00
     1.03910   1.000000000e+00
     1.03968   1.000000000e+00
     1.04026   1.000000000e+00
     1.04084   1.000000000e+00
     1.04142   1.000000000e+00
     1.04200   1.000000000e+00
     1.04258   1.000000000e+00
     1.04316   1.000000000e+00
     1.04374   1.000000000e+00
     1.04432   1.000000000e+00
     1.04490   1.000000000e+00
     1.04548   1.000000000e+00
     1.04606   1.000000000e+00
     1.04664   1.000000000e+00
     1.04722   1.000000000e+00
     1.04780   1.000000000e+00
     1.04838   1.000000000e+00
     1.04896   1.000000000e+00
     1.04954   1.000000000e+00
     1.05012   1.000000000e+00
     1.05070   1.000000000e+00
     1.05128   1.000000000e+00
     1.05186   1.000000000e+00
     1.05244   1.000000000e+00
     1.05302   1.000000000e+00
     1.05360   1.000000000e+00
     1.05418   1.000000000e+00
     1.05476   1.000000000e+00
     1.05534   1.000000000e+00
     1.05592   1.000000000e+00
     1.05650   1.000000000e+00
     1.05708   1.000000000e+00
     1.05766   1.000000000e+00
     1.05824   1.000000000e+00
     1.05882   1.000000000e+00
     1.05940   1.000000000e+00
     1.05998   1.000000000e+00
     1.06056   1.000000000e+00
     1.06114   1.000000000e+00
     1.06172   1.000000000e+00
     1.06230   1.000000000e+00
     1.06288   1.000000000e+00
     1.06346   1.000000000e+00
     1.06404   1.000000000e+00
     1.06462   1.000000000e+00
     1.06520   1.000000000e+00
     1.06578   1.000000000e+00
     1.06636   1.000000000e+00
     1.06694   1.000000000e+00
     1.06752   1.000000000e+00
     1.06810   1.000000000e+00
     1.06868   1.000000000e+00
     1.06926   1.000000000e+00
     1.06984   1.000000000e+00
     1.07042   1.000000000e+00
     1.07100   1.000000000e+00
     1.07158   1.000000000e+00
     1.07216   1.000000000e+00
     1.07274   1.000000000e+00
     1.07332   1.000000000e+00
     1.07390   1.000000000e+00
     1.07448   1.000000000e+00
     1.07506   1.000000000e+00
     1.07564   1.000000000e+00
     1.07622   1.000000000e+00
     1.07680   1.000000000e+00
     1.07738   1.000000000e+00
     1.07796   1.000000000e+00
     1.07854   1.000000000e+00
     1.07912   1.000000000e+00
     1.07970   1.000000000e+00
     1.08028   1.000000000e+00
     1.08086   1.000000000e+00
     1.08144   1.000000000e+00
     1.08202   1.000000000e+00
     1.08260   1.000000000e+00
     1.08318   1.000000000e+00
     1.08376   1.000000000e+00
     1.08434   1.000000000e+00
     1.08492   1.000000000e+00
     1.08550   1.000000000e+00
     1.08608   1.000000000e+00
     1.08666   1.000000000e+00
     1.08724   1.000000000e+00
     1.08782   1.000000000e+00
     1.08840   1.000000000e+00
     1.08898   1.000000000e+00
     1.08956   1.000000000e+00
     1.09014   1.000000000e+00
     1.09072   1.000000000e+00
     1.09130   1.000000000e+00
     1.09188   1.000000000e+00
     1.09246   1.000000000e+00
     1.09304   1.000000000e+00
     1.09362   1.000000000e+00
     1.09420   1.000000000e+00
     1.09478   1.000000000e+00
     1.09536   1.000000000e+00
     1.09594   1.000000000e+00
     1.09652   1.000000000e+00
     1.09710   1.000000000e+00
     1.09768   1.000000000e+00
     1.09826   1.000000000e+00
     1.09884   1.000000000e+00
     1.09942   1.000000000e+00
     1.10000   0.000000000e+00
     1.10058   0.000000000e+00
     1.10116   0.000000000e+00
     1.10174   0.000000000e+00
     1.10232   0.000000000e+00
     1.10290   0.000000000e+00
     1.10348   0.000000000e+00
     1.10406   0.000000000e+00
     1.10464   0.000000000e+00
     1.10522   0.000000000e+00
     1.10580   0.000000000e+00
     1.10638   0.000000000e+00
     1.10696   0.000000000e+00
     1.10754   0.000000000e+00
     1.10812   0.000000000e+00
     1.10870   0.000000000e+00
     1.10928   0.000000000e+00
     1.10986   0.000000000e+00
     1.11044   0.000000000e+00
     1.11102   0.000000000e+00
     1.11160   0.000000000e+00
     1.11218   0.000000000e+00
     1.11276   0.000000000e+00
     1.11334   0.000000000e+00
     1.11392   0.000000000e+00
     1.11450   0.000000000e+00
     1.11508   0.000000000e+00
     1.11566   0.000000000e+00
     1.11624   0.000000000e+00
     1.11682   0.000000000e+00
     1.11740   0.000000000e+00
     1.11798   0.000000000e+00
     1.11856   0.000000000e+00
     1.11914   0.000000000e+00
     1.11972   0.000000000e+00
     1.12030   0.000000000e+00
     1.12088   0.000000000e+00
     1.12146   0.000000000e+00
     1.12204   0.000000000e+00
     1.12262   0.000000000e+00
     1.12320   0.000000000e+00
     1.12378   0.000000000e+00
     1.12436   0.000000000e+00
     1.12494   0.000000000e+00
     1.12552   0.000000000e+00
     1.12610   0.000000000e+00
     1.12668   0.000000000e+00
     1.12726   0.000000000e+00
     1.12784   0.000000000e+00
     1.12842   0.000000000e+00
