# Wavelength      transmission
#         um          unitless
     2.72953   0.000000000e+00
     2.72964   0.000000000e+00
     2.72975   0.000000000e+00
     2.72986   0.000000000e+00
     2.72997   0.000000000e+00
     2.73008   0.000000000e+00
     2.73019   0.000000000e+00
     2.73030   0.000000000e+00
     2.73041   0.000000000e+00
     2.73052   0.000000000e+00
     2.73063   0.000000000e+00
     2.73074   0.000000000e+00
     2.73085   0.000000000e+00
     2.73096   0.000000000e+00
     2.73107   0.000000000e+00
     2.73118   0.000000000e+00
     2.73129   0.000000000e+00
     2.73140   0.000000000e+00
     2.73151   0.000000000e+00
     2.73162   0.000000000e+00
     2.73173   0.000000000e+00
     2.73184   0.000000000e+00
     2.73195   0.000000000e+00
     2.73206   0.000000000e+00
     2.73217   0.000000000e+00
     2.73228   0.000000000e+00
     2.73239   0.000000000e+00
     2.73250   0.000000000e+00
     2.73261   0.000000000e+00
     2.73272   0.000000000e+00
     2.73283   0.000000000e+00
     2.73294   0.000000000e+00
     2.73305   0.000000000e+00
     2.73316   0.000000000e+00
     2.73327   0.000000000e+00
     2.73338   0.000000000e+00
     2.73349   0.000000000e+00
     2.73360   0.000000000e+00
     2.73371   0.000000000e+00
     2.73382   0.000000000e+00
     2.73393   0.000000000e+00
     2.73404   0.000000000e+00
     2.73415   0.000000000e+00
     2.73426   0.000000000e+00
     2.73437   0.000000000e+00
     2.73448   0.000000000e+00
     2.73459   0.000000000e+00
     2.73470   0.000000000e+00
     2.73481   0.000000000e+00
     2.73492   0.000000000e+00
     2.73503   0.000000000e+00
     2.73514   1.000000000e+00
     2.73525   1.000000000e+00
     2.73535   1.000000000e+00
     2.73546   1.000000000e+00
     2.73557   1.000000000e+00
     2.73568   1.000000000e+00
     2.73579   1.000000000e+00
     2.73590   1.000000000e+00
     2.73601   1.000000000e+00
     2.73612   1.000000000e+00
     2.73623   1.000000000e+00
     2.73634   1.000000000e+00
     2.73645   1.000000000e+00
     2.73656   1.000000000e+00
     2.73667   1.000000000e+00
     2.73678   1.000000000e+00
     2.73689   1.000000000e+00
     2.73700   1.000000000e+00
     2.73711   1.000000000e+00
     2.73722   1.000000000e+00
     2.73733   1.000000000e+00
     2.73744   1.000000000e+00
     2.73755   1.000000000e+00
     2.73766   1.000000000e+00
     2.73777   1.000000000e+00
     2.73788   1.000000000e+00
     2.73799   1.000000000e+00
     2.73810   1.000000000e+00
     2.73821   1.000000000e+00
     2.73832   1.000000000e+00
     2.73843   1.000000000e+00
     2.73854   1.000000000e+00
     2.73865   1.000000000e+00
     2.73876   1.000000000e+00
     2.73887   1.000000000e+00
     2.73898   1.000000000e+00
     2.73909   1.000000000e+00
     2.73920   1.000000000e+00
     2.73931   1.000000000e+00
     2.73942   1.000000000e+00
     2.73953   1.000000000e+00
     2.73964   1.000000000e+00
     2.73975   1.000000000e+00
     2.73986   1.000000000e+00
     2.73997   1.000000000e+00
     2.74008   1.000000000e+00
     2.74019   1.000000000e+00
     2.74030   1.000000000e+00
     2.74041   1.000000000e+00
     2.74052   1.000000000e+00
     2.74063   1.000000000e+00
     2.74074   1.000000000e+00
     2.74085   1.000000000e+00
     2.74096   1.000000000e+00
     2.74107   1.000000000e+00
     2.74118   1.000000000e+00
     2.74129   1.000000000e+00
     2.74140   1.000000000e+00
     2.74151   1.000000000e+00
     2.74162   1.000000000e+00
     2.74173   1.000000000e+00
     2.74184   1.000000000e+00
     2.74195   1.000000000e+00
     2.74206   1.000000000e+00
     2.74217   1.000000000e+00
     2.74228   1.000000000e+00
     2.74239   1.000000000e+00
     2.74250   1.000000000e+00
     2.74261   1.000000000e+00
     2.74272   1.000000000e+00
     2.74283   1.000000000e+00
     2.74294   1.000000000e+00
     2.74305   1.000000000e+00
     2.74316   1.000000000e+00
     2.74327   1.000000000e+00
     2.74338   1.000000000e+00
     2.74349   1.000000000e+00
     2.74360   1.000000000e+00
     2.74371   1.000000000e+00
     2.74382   1.000000000e+00
     2.74393   1.000000000e+00
     2.74404   1.000000000e+00
     2.74415   1.000000000e+00
     2.74426   1.000000000e+00
     2.74437   1.000000000e+00
     2.74448   1.000000000e+00
     2.74459   1.000000000e+00
     2.74470   1.000000000e+00
     2.74481   1.000000000e+00
     2.74492   1.000000000e+00
     2.74503   1.000000000e+00
     2.74514   1.000000000e+00
     2.74525   1.000000000e+00
     2.74536   1.000000000e+00
     2.74547   1.000000000e+00
     2.74558   1.000000000e+00
     2.74569   1.000000000e+00
     2.74580   1.000000000e+00
     2.74591   1.000000000e+00
     2.74602   1.000000000e+00
     2.74613   1.000000000e+00
     2.74624   1.000000000e+00
     2.74635   1.000000000e+00
     2.74646   1.000000000e+00
     2.74657   1.000000000e+00
     2.74668   1.000000000e+00
     2.74679   1.000000000e+00
     2.74690   1.000000000e+00
     2.74701   1.000000000e+00
     2.74712   1.000000000e+00
     2.74723   1.000000000e+00
     2.74734   1.000000000e+00
     2.74745   1.000000000e+00
     2.74756   1.000000000e+00
     2.74767   1.000000000e+00
     2.74778   1.000000000e+00
     2.74789   1.000000000e+00
     2.74800   1.000000000e+00
     2.74811   1.000000000e+00
     2.74822   1.000000000e+00
     2.74833   1.000000000e+00
     2.74844   1.000000000e+00
     2.74855   1.000000000e+00
     2.74866   1.000000000e+00
     2.74877   1.000000000e+00
     2.74888   1.000000000e+00
     2.74899   1.000000000e+00
     2.74910   1.000000000e+00
     2.74921   1.000000000e+00
     2.74932   1.000000000e+00
     2.74943   1.000000000e+00
     2.74954   1.000000000e+00
     2.74965   1.000000000e+00
     2.74976   1.000000000e+00
     2.74987   1.000000000e+00
     2.74998   1.000000000e+00
     2.75009   1.000000000e+00
     2.75020   1.000000000e+00
     2.75031   1.000000000e+00
     2.75042   1.000000000e+00
     2.75053   1.000000000e+00
     2.75064   1.000000000e+00
     2.75075   1.000000000e+00
     2.75086   1.000000000e+00
     2.75097   1.000000000e+00
     2.75108   1.000000000e+00
     2.75119   1.000000000e+00
     2.75130   1.000000000e+00
     2.75141   1.000000000e+00
     2.75152   1.000000000e+00
     2.75163   1.000000000e+00
     2.75174   1.000000000e+00
     2.75185   1.000000000e+00
     2.75196   1.000000000e+00
     2.75207   1.000000000e+00
     2.75218   1.000000000e+00
     2.75229   1.000000000e+00
     2.75240   1.000000000e+00
     2.75251   1.000000000e+00
     2.75262   1.000000000e+00
     2.75273   1.000000000e+00
     2.75284   1.000000000e+00
     2.75295   1.000000000e+00
     2.75306   1.000000000e+00
     2.75317   1.000000000e+00
     2.75328   1.000000000e+00
     2.75339   1.000000000e+00
     2.75350   1.000000000e+00
     2.75361   1.000000000e+00
     2.75372   1.000000000e+00
     2.75383   1.000000000e+00
     2.75394   1.000000000e+00
     2.75405   1.000000000e+00
     2.75416   1.000000000e+00
     2.75427   1.000000000e+00
     2.75438   1.000000000e+00
     2.75449   1.000000000e+00
     2.75460   1.000000000e+00
     2.75471   1.000000000e+00
     2.75482   1.000000000e+00
     2.75493   1.000000000e+00
     2.75504   1.000000000e+00
     2.75515   1.000000000e+00
     2.75526   1.000000000e+00
     2.75537   1.000000000e+00
     2.75548   1.000000000e+00
     2.75559   1.000000000e+00
     2.75570   1.000000000e+00
     2.75581   1.000000000e+00
     2.75592   1.000000000e+00
     2.75603   1.000000000e+00
     2.75614   1.000000000e+00
     2.75625   1.000000000e+00
     2.75636   1.000000000e+00
     2.75646   1.000000000e+00
     2.75657   1.000000000e+00
     2.75668   1.000000000e+00
     2.75679   1.000000000e+00
     2.75690   1.000000000e+00
     2.75701   1.000000000e+00
     2.75712   1.000000000e+00
     2.75723   1.000000000e+00
     2.75734   1.000000000e+00
     2.75745   1.000000000e+00
     2.75756   1.000000000e+00
     2.75767   1.000000000e+00
     2.75778   1.000000000e+00
     2.75789   1.000000000e+00
     2.75800   1.000000000e+00
     2.75811   1.000000000e+00
     2.75822   1.000000000e+00
     2.75833   1.000000000e+00
     2.75844   1.000000000e+00
     2.75855   1.000000000e+00
     2.75866   1.000000000e+00
     2.75877   1.000000000e+00
     2.75888   1.000000000e+00
     2.75899   1.000000000e+00
     2.75910   1.000000000e+00
     2.75921   1.000000000e+00
     2.75932   1.000000000e+00
     2.75943   1.000000000e+00
     2.75954   1.000000000e+00
     2.75965   1.000000000e+00
     2.75976   1.000000000e+00
     2.75987   1.000000000e+00
     2.75998   1.000000000e+00
     2.76009   1.000000000e+00
     2.76020   1.000000000e+00
     2.76031   1.000000000e+00
     2.76042   1.000000000e+00
     2.76053   1.000000000e+00
     2.76064   1.000000000e+00
     2.76075   1.000000000e+00
     2.76086   1.000000000e+00
     2.76097   1.000000000e+00
     2.76108   1.000000000e+00
     2.76119   1.000000000e+00
     2.76130   1.000000000e+00
     2.76141   1.000000000e+00
     2.76152   1.000000000e+00
     2.76163   1.000000000e+00
     2.76174   1.000000000e+00
     2.76185   1.000000000e+00
     2.76196   1.000000000e+00
     2.76207   1.000000000e+00
     2.76218   1.000000000e+00
     2.76229   1.000000000e+00
     2.76240   1.000000000e+00
     2.76251   1.000000000e+00
     2.76262   1.000000000e+00
     2.76273   1.000000000e+00
     2.76284   1.000000000e+00
     2.76295   1.000000000e+00
     2.76306   1.000000000e+00
     2.76317   1.000000000e+00
     2.76328   1.000000000e+00
     2.76339   1.000000000e+00
     2.76350   1.000000000e+00
     2.76361   1.000000000e+00
     2.76372   1.000000000e+00
     2.76383   1.000000000e+00
     2.76394   1.000000000e+00
     2.76405   1.000000000e+00
     2.76416   1.000000000e+00
     2.76427   1.000000000e+00
     2.76438   1.000000000e+00
     2.76449   1.000000000e+00
     2.76460   1.000000000e+00
     2.76471   1.000000000e+00
     2.76482   1.000000000e+00
     2.76493   1.000000000e+00
     2.76504   1.000000000e+00
     2.76515   1.000000000e+00
     2.76526   1.000000000e+00
     2.76537   1.000000000e+00
     2.76548   1.000000000e+00
     2.76559   1.000000000e+00
     2.76570   1.000000000e+00
     2.76581   1.000000000e+00
     2.76592   1.000000000e+00
     2.76603   1.000000000e+00
     2.76614   1.000000000e+00
     2.76625   1.000000000e+00
     2.76636   1.000000000e+00
     2.76647   1.000000000e+00
     2.76658   1.000000000e+00
     2.76669   1.000000000e+00
     2.76680   1.000000000e+00
     2.76691   1.000000000e+00
     2.76702   1.000000000e+00
     2.76713   1.000000000e+00
     2.76724   1.000000000e+00
     2.76735   1.000000000e+00
     2.76746   1.000000000e+00
     2.76757   1.000000000e+00
     2.76768   1.000000000e+00
     2.76779   1.000000000e+00
     2.76790   1.000000000e+00
     2.76801   1.000000000e+00
     2.76812   1.000000000e+00
     2.76823   1.000000000e+00
     2.76834   1.000000000e+00
     2.76845   1.000000000e+00
     2.76856   1.000000000e+00
     2.76867   1.000000000e+00
     2.76878   1.000000000e+00
     2.76889   1.000000000e+00
     2.76900   1.000000000e+00
     2.76911   1.000000000e+00
     2.76922   1.000000000e+00
     2.76933   1.000000000e+00
     2.76944   1.000000000e+00
     2.76955   1.000000000e+00
     2.76966   1.000000000e+00
     2.76977   1.000000000e+00
     2.76988   1.000000000e+00
     2.76999   1.000000000e+00
     2.77010   1.000000000e+00
     2.77021   1.000000000e+00
     2.77032   1.000000000e+00
     2.77043   1.000000000e+00
     2.77054   1.000000000e+00
     2.77065   1.000000000e+00
     2.77076   1.000000000e+00
     2.77087   1.000000000e+00
     2.77098   1.000000000e+00
     2.77109   1.000000000e+00
     2.77120   1.000000000e+00
     2.77131   1.000000000e+00
     2.77142   1.000000000e+00
     2.77153   1.000000000e+00
     2.77164   1.000000000e+00
     2.77175   1.000000000e+00
     2.77186   1.000000000e+00
     2.77197   1.000000000e+00
     2.77208   1.000000000e+00
     2.77219   1.000000000e+00
     2.77230   1.000000000e+00
     2.77241   1.000000000e+00
     2.77252   1.000000000e+00
     2.77263   1.000000000e+00
     2.77274   1.000000000e+00
     2.77285   1.000000000e+00
     2.77296   1.000000000e+00
     2.77307   1.000000000e+00
     2.77318   1.000000000e+00
     2.77329   1.000000000e+00
     2.77340   1.000000000e+00
     2.77351   1.000000000e+00
     2.77362   1.000000000e+00
     2.77373   1.000000000e+00
     2.77384   1.000000000e+00
     2.77395   1.000000000e+00
     2.77406   1.000000000e+00
     2.77417   1.000000000e+00
     2.77428   1.000000000e+00
     2.77439   1.000000000e+00
     2.77450   1.000000000e+00
     2.77461   1.000000000e+00
     2.77472   1.000000000e+00
     2.77483   1.000000000e+00
     2.77494   1.000000000e+00
     2.77505   1.000000000e+00
     2.77516   1.000000000e+00
     2.77527   1.000000000e+00
     2.77538   1.000000000e+00
     2.77549   1.000000000e+00
     2.77560   1.000000000e+00
     2.77571   1.000000000e+00
     2.77582   1.000000000e+00
     2.77593   1.000000000e+00
     2.77604   1.000000000e+00
     2.77615   1.000000000e+00
     2.77626   1.000000000e+00
     2.77637   1.000000000e+00
     2.77648   1.000000000e+00
     2.77659   1.000000000e+00
     2.77670   1.000000000e+00
     2.77681   1.000000000e+00
     2.77692   1.000000000e+00
     2.77703   1.000000000e+00
     2.77714   1.000000000e+00
     2.77725   1.000000000e+00
     2.77736   1.000000000e+00
     2.77747   1.000000000e+00
     2.77758   1.000000000e+00
     2.77768   1.000000000e+00
     2.77779   1.000000000e+00
     2.77790   1.000000000e+00
     2.77801   1.000000000e+00
     2.77812   1.000000000e+00
     2.77823   1.000000000e+00
     2.77834   1.000000000e+00
     2.77845   1.000000000e+00
     2.77856   1.000000000e+00
     2.77867   1.000000000e+00
     2.77878   1.000000000e+00
     2.77889   1.000000000e+00
     2.77900   1.000000000e+00
     2.77911   1.000000000e+00
     2.77922   1.000000000e+00
     2.77933   1.000000000e+00
     2.77944   1.000000000e+00
     2.77955   1.000000000e+00
     2.77966   1.000000000e+00
     2.77977   1.000000000e+00
     2.77988   1.000000000e+00
     2.77999   1.000000000e+00
     2.78010   1.000000000e+00
     2.78021   1.000000000e+00
     2.78032   1.000000000e+00
     2.78043   1.000000000e+00
     2.78054   1.000000000e+00
     2.78065   1.000000000e+00
     2.78076   1.000000000e+00
     2.78087   1.000000000e+00
     2.78098   1.000000000e+00
     2.78109   1.000000000e+00
     2.78120   1.000000000e+00
     2.78131   1.000000000e+00
     2.78142   1.000000000e+00
     2.78153   1.000000000e+00
     2.78164   1.000000000e+00
     2.78175   1.000000000e+00
     2.78186   1.000000000e+00
     2.78197   1.000000000e+00
     2.78208   1.000000000e+00
     2.78219   1.000000000e+00
     2.78230   1.000000000e+00
     2.78241   1.000000000e+00
     2.78252   1.000000000e+00
     2.78263   1.000000000e+00
     2.78274   1.000000000e+00
     2.78285   1.000000000e+00
     2.78296   1.000000000e+00
     2.78307   1.000000000e+00
     2.78318   1.000000000e+00
     2.78329   1.000000000e+00
     2.78340   1.000000000e+00
     2.78351   1.000000000e+00
     2.78362   1.000000000e+00
     2.78373   1.000000000e+00
     2.78384   1.000000000e+00
     2.78395   1.000000000e+00
     2.78406   1.000000000e+00
     2.78417   1.000000000e+00
     2.78428   1.000000000e+00
     2.78439   1.000000000e+00
     2.78450   1.000000000e+00
     2.78461   1.000000000e+00
     2.78472   1.000000000e+00
     2.78483   1.000000000e+00
     2.78494   1.000000000e+00
     2.78505   1.000000000e+00
     2.78516   1.000000000e+00
     2.78527   1.000000000e+00
     2.78538   1.000000000e+00
     2.78549   1.000000000e+00
     2.78560   1.000000000e+00
     2.78571   1.000000000e+00
     2.78582   1.000000000e+00
     2.78593   1.000000000e+00
     2.78604   1.000000000e+00
     2.78615   1.000000000e+00
     2.78626   1.000000000e+00
     2.78637   1.000000000e+00
     2.78648   1.000000000e+00
     2.78659   1.000000000e+00
     2.78670   1.000000000e+00
     2.78681   1.000000000e+00
     2.78692   1.000000000e+00
     2.78703   1.000000000e+00
     2.78714   1.000000000e+00
     2.78725   1.000000000e+00
     2.78736   1.000000000e+00
     2.78747   1.000000000e+00
     2.78758   1.000000000e+00
     2.78769   1.000000000e+00
     2.78780   1.000000000e+00
     2.78791   1.000000000e+00
     2.78802   1.000000000e+00
     2.78813   1.000000000e+00
     2.78824   1.000000000e+00
     2.78835   1.000000000e+00
     2.78846   1.000000000e+00
     2.78857   1.000000000e+00
     2.78868   1.000000000e+00
     2.78879   1.000000000e+00
     2.78890   1.000000000e+00
     2.78901   1.000000000e+00
     2.78912   1.000000000e+00
     2.78923   1.000000000e+00
     2.78934   1.000000000e+00
     2.78945   1.000000000e+00
     2.78956   1.000000000e+00
     2.78967   1.000000000e+00
     2.78978   1.000000000e+00
     2.78989   1.000000000e+00
     2.79000   1.000000000e+00
     2.79011   0.000000000e+00
     2.79022   0.000000000e+00
     2.79033   0.000000000e+00
     2.79044   0.000000000e+00
     2.79055   0.000000000e+00
     2.79066   0.000000000e+00
     2.79077   0.000000000e+00
     2.79088   0.000000000e+00
     2.79099   0.000000000e+00
     2.79110   0.000000000e+00
     2.79121   0.000000000e+00
     2.79132   0.000000000e+00
     2.79143   0.000000000e+00
     2.79154   0.000000000e+00
     2.79165   0.000000000e+00
     2.79176   0.000000000e+00
     2.79187   0.000000000e+00
     2.79198   0.000000000e+00
     2.79209   0.000000000e+00
     2.79220   0.000000000e+00
     2.79231   0.000000000e+00
     2.79242   0.000000000e+00
     2.79253   0.000000000e+00
     2.79264   0.000000000e+00
     2.79275   0.000000000e+00
     2.79286   0.000000000e+00
     2.79297   0.000000000e+00
     2.79308   0.000000000e+00
     2.79319   0.000000000e+00
     2.79330   0.000000000e+00
     2.79341   0.000000000e+00
     2.79352   0.000000000e+00
     2.79363   0.000000000e+00
     2.79374   0.000000000e+00
     2.79385   0.000000000e+00
     2.79396   0.000000000e+00
     2.79407   0.000000000e+00
     2.79418   0.000000000e+00
     2.79429   0.000000000e+00
     2.79440   0.000000000e+00
     2.79451   0.000000000e+00
     2.79462   0.000000000e+00
     2.79473   0.000000000e+00
     2.79484   0.000000000e+00
     2.79495   0.000000000e+00
     2.79506   0.000000000e+00
     2.79517   0.000000000e+00
     2.79528   0.000000000e+00
     2.79539   0.000000000e+00
