# Wavelength      transmission
#         um          unitless
     2.78439   0.000000000e+00
     2.78450   0.000000000e+00
     2.78462   0.000000000e+00
     2.78473   0.000000000e+00
     2.78484   0.000000000e+00
     2.78495   0.000000000e+00
     2.78506   0.000000000e+00
     2.78518   0.000000000e+00
     2.78529   0.000000000e+00
     2.78540   0.000000000e+00
     2.78551   0.000000000e+00
     2.78562   0.000000000e+00
     2.78574   0.000000000e+00
     2.78585   0.000000000e+00
     2.78596   0.000000000e+00
     2.78607   0.000000000e+00
     2.78619   0.000000000e+00
     2.78630   0.000000000e+00
     2.78641   0.000000000e+00
     2.78652   0.000000000e+00
     2.78663   0.000000000e+00
     2.78675   0.000000000e+00
     2.78686   0.000000000e+00
     2.78697   0.000000000e+00
     2.78708   0.000000000e+00
     2.78720   0.000000000e+00
     2.78731   0.000000000e+00
     2.78742   0.000000000e+00
     2.78753   0.000000000e+00
     2.78764   0.000000000e+00
     2.78776   0.000000000e+00
     2.78787   0.000000000e+00
     2.78798   0.000000000e+00
     2.78809   0.000000000e+00
     2.78820   0.000000000e+00
     2.78832   0.000000000e+00
     2.78843   0.000000000e+00
     2.78854   0.000000000e+00
     2.78865   0.000000000e+00
     2.78877   0.000000000e+00
     2.78888   0.000000000e+00
     2.78899   0.000000000e+00
     2.78910   0.000000000e+00
     2.78921   0.000000000e+00
     2.78933   0.000000000e+00
     2.78944   0.000000000e+00
     2.78955   0.000000000e+00
     2.78966   0.000000000e+00
     2.78977   0.000000000e+00
     2.78989   0.000000000e+00
     2.79000   0.000000000e+00
     2.79011   1.000000000e+00
     2.79022   1.000000000e+00
     2.79034   1.000000000e+00
     2.79045   1.000000000e+00
     2.79056   1.000000000e+00
     2.79067   1.000000000e+00
     2.79078   1.000000000e+00
     2.79090   1.000000000e+00
     2.79101   1.000000000e+00
     2.79112   1.000000000e+00
     2.79123   1.000000000e+00
     2.79135   1.000000000e+00
     2.79146   1.000000000e+00
     2.79157   1.000000000e+00
     2.79168   1.000000000e+00
     2.79179   1.000000000e+00
     2.79191   1.000000000e+00
     2.79202   1.000000000e+00
     2.79213   1.000000000e+00
     2.79224   1.000000000e+00
     2.79235   1.000000000e+00
     2.79247   1.000000000e+00
     2.79258   1.000000000e+00
     2.79269   1.000000000e+00
     2.79280   1.000000000e+00
     2.79292   1.000000000e+00
     2.79303   1.000000000e+00
     2.79314   1.000000000e+00
     2.79325   1.000000000e+00
     2.79336   1.000000000e+00
     2.79348   1.000000000e+00
     2.79359   1.000000000e+00
     2.79370   1.000000000e+00
     2.79381   1.000000000e+00
     2.79392   1.000000000e+00
     2.79404   1.000000000e+00
     2.79415   1.000000000e+00
     2.79426   1.000000000e+00
     2.79437   1.000000000e+00
     2.79449   1.000000000e+00
     2.79460   1.000000000e+00
     2.79471   1.000000000e+00
     2.79482   1.000000000e+00
     2.79493   1.000000000e+00
     2.79505   1.000000000e+00
     2.79516   1.000000000e+00
     2.79527   1.000000000e+00
     2.79538   1.000000000e+00
     2.79549   1.000000000e+00
     2.79561   1.000000000e+00
     2.79572   1.000000000e+00
     2.79583   1.000000000e+00
     2.79594   1.000000000e+00
     2.79606   1.000000000e+00
     2.79617   1.000000000e+00
     2.79628   1.000000000e+00
     2.79639   1.000000000e+00
     2.79650   1.000000000e+00
     2.79662   1.000000000e+00
     2.79673   1.000000000e+00
     2.79684   1.000000000e+00
     2.79695   1.000000000e+00
     2.79707   1.000000000e+00
     2.79718   1.000000000e+00
     2.79729   1.000000000e+00
     2.79740   1.000000000e+00
     2.79751   1.000000000e+00
     2.79763   1.000000000e+00
     2.79774   1.000000000e+00
     2.79785   1.000000000e+00
     2.79796   1.000000000e+00
     2.79807   1.000000000e+00
     2.79819   1.000000000e+00
     2.79830   1.000000000e+00
     2.79841   1.000000000e+00
     2.79852   1.000000000e+00
     2.79864   1.000000000e+00
     2.79875   1.000000000e+00
     2.79886   1.000000000e+00
     2.79897   1.000000000e+00
     2.79908   1.000000000e+00
     2.79920   1.000000000e+00
     2.79931   1.000000000e+00
     2.79942   1.000000000e+00
     2.79953   1.000000000e+00
     2.79964   1.000000000e+00
     2.79976   1.000000000e+00
     2.79987   1.000000000e+00
     2.79998   1.000000000e+00
     2.80009   1.000000000e+00
     2.80021   1.000000000e+00
     2.80032   1.000000000e+00
     2.80043   1.000000000e+00
     2.80054   1.000000000e+00
     2.80065   1.000000000e+00
     2.80077   1.000000000e+00
     2.80088   1.000000000e+00
     2.80099   1.000000000e+00
     2.80110   1.000000000e+00
     2.80121   1.000000000e+00
     2.80133   1.000000000e+00
     2.80144   1.000000000e+00
     2.80155   1.000000000e+00
     2.80166   1.000000000e+00
     2.80178   1.000000000e+00
     2.80189   1.000000000e+00
     2.80200   1.000000000e+00
     2.80211   1.000000000e+00
     2.80222   1.000000000e+00
     2.80234   1.000000000e+00
     2.80245   1.000000000e+00
     2.80256   1.000000000e+00
     2.80267   1.000000000e+00
     2.80279   1.000000000e+00
     2.80290   1.000000000e+00
     2.80301   1.000000000e+00
     2.80312   1.000000000e+00
     2.80323   1.000000000e+00
     2.80335   1.000000000e+00
     2.80346   1.000000000e+00
     2.80357   1.000000000e+00
     2.80368   1.000000000e+00
     2.80379   1.000000000e+00
     2.80391   1.000000000e+00
     2.80402   1.000000000e+00
     2.80413   1.000000000e+00
     2.80424   1.000000000e+00
     2.80436   1.000000000e+00
     2.80447   1.000000000e+00
     2.80458   1.000000000e+00
     2.80469   1.000000000e+00
     2.80480   1.000000000e+00
     2.80492   1.000000000e+00
     2.80503   1.000000000e+00
     2.80514   1.000000000e+00
     2.80525   1.000000000e+00
     2.80536   1.000000000e+00
     2.80548   1.000000000e+00
     2.80559   1.000000000e+00
     2.80570   1.000000000e+00
     2.80581   1.000000000e+00
     2.80593   1.000000000e+00
     2.80604   1.000000000e+00
     2.80615   1.000000000e+00
     2.80626   1.000000000e+00
     2.80637   1.000000000e+00
     2.80649   1.000000000e+00
     2.80660   1.000000000e+00
     2.80671   1.000000000e+00
     2.80682   1.000000000e+00
     2.80693   1.000000000e+00
     2.80705   1.000000000e+00
     2.80716   1.000000000e+00
     2.80727   1.000000000e+00
     2.80738   1.000000000e+00
     2.80750   1.000000000e+00
     2.80761   1.000000000e+00
     2.80772   1.000000000e+00
     2.80783   1.000000000e+00
     2.80794   1.000000000e+00
     2.80806   1.000000000e+00
     2.80817   1.000000000e+00
     2.80828   1.000000000e+00
     2.80839   1.000000000e+00
     2.80851   1.000000000e+00
     2.80862   1.000000000e+00
     2.80873   1.000000000e+00
     2.80884   1.000000000e+00
     2.80895   1.000000000e+00
     2.80907   1.000000000e+00
     2.80918   1.000000000e+00
     2.80929   1.000000000e+00
     2.80940   1.000000000e+00
     2.80951   1.000000000e+00
     2.80963   1.000000000e+00
     2.80974   1.000000000e+00
     2.80985   1.000000000e+00
     2.80996   1.000000000e+00
     2.81008   1.000000000e+00
     2.81019   1.000000000e+00
     2.81030   1.000000000e+00
     2.81041   1.000000000e+00
     2.81052   1.000000000e+00
     2.81064   1.000000000e+00
     2.81075   1.000000000e+00
     2.81086   1.000000000e+00
     2.81097   1.000000000e+00
     2.81108   1.000000000e+00
     2.81120   1.000000000e+00
     2.81131   1.000000000e+00
     2.81142   1.000000000e+00
     2.81153   1.000000000e+00
     2.81165   1.000000000e+00
     2.81176   1.000000000e+00
     2.81187   1.000000000e+00
     2.81198   1.000000000e+00
     2.81209   1.000000000e+00
     2.81221   1.000000000e+00
     2.81232   1.000000000e+00
     2.81243   1.000000000e+00
     2.81254   1.000000000e+00
     2.81266   1.000000000e+00
     2.81277   1.000000000e+00
     2.81288   1.000000000e+00
     2.81299   1.000000000e+00
     2.81310   1.000000000e+00
     2.81322   1.000000000e+00
     2.81333   1.000000000e+00
     2.81344   1.000000000e+00
     2.81355   1.000000000e+00
     2.81366   1.000000000e+00
     2.81378   1.000000000e+00
     2.81389   1.000000000e+00
     2.81400   1.000000000e+00
     2.81411   1.000000000e+00
     2.81423   1.000000000e+00
     2.81434   1.000000000e+00
     2.81445   1.000000000e+00
     2.81456   1.000000000e+00
     2.81467   1.000000000e+00
     2.81479   1.000000000e+00
     2.81490   1.000000000e+00
     2.81501   1.000000000e+00
     2.81512   1.000000000e+00
     2.81523   1.000000000e+00
     2.81535   1.000000000e+00
     2.81546   1.000000000e+00
     2.81557   1.000000000e+00
     2.81568   1.000000000e+00
     2.81580   1.000000000e+00
     2.81591   1.000000000e+00
     2.81602   1.000000000e+00
     2.81613   1.000000000e+00
     2.81624   1.000000000e+00
     2.81636   1.000000000e+00
     2.81647   1.000000000e+00
     2.81658   1.000000000e+00
     2.81669   1.000000000e+00
     2.81680   1.000000000e+00
     2.81692   1.000000000e+00
     2.81703   1.000000000e+00
     2.81714   1.000000000e+00
     2.81725   1.000000000e+00
     2.81737   1.000000000e+00
     2.81748   1.000000000e+00
     2.81759   1.000000000e+00
     2.81770   1.000000000e+00
     2.81781   1.000000000e+00
     2.81793   1.000000000e+00
     2.81804   1.000000000e+00
     2.81815   1.000000000e+00
     2.81826   1.000000000e+00
     2.81838   1.000000000e+00
     2.81849   1.000000000e+00
     2.81860   1.000000000e+00
     2.81871   1.000000000e+00
     2.81882   1.000000000e+00
     2.81894   1.000000000e+00
     2.81905   1.000000000e+00
     2.81916   1.000000000e+00
     2.81927   1.000000000e+00
     2.81938   1.000000000e+00
     2.81950   1.000000000e+00
     2.81961   1.000000000e+00
     2.81972   1.000000000e+00
     2.81983   1.000000000e+00
     2.81995   1.000000000e+00
     2.82006   1.000000000e+00
     2.82017   1.000000000e+00
     2.82028   1.000000000e+00
     2.82039   1.000000000e+00
     2.82051   1.000000000e+00
     2.82062   1.000000000e+00
     2.82073   1.000000000e+00
     2.82084   1.000000000e+00
     2.82095   1.000000000e+00
     2.82107   1.000000000e+00
     2.82118   1.000000000e+00
     2.82129   1.000000000e+00
     2.82140   1.000000000e+00
     2.82152   1.000000000e+00
     2.82163   1.000000000e+00
     2.82174   1.000000000e+00
     2.82185   1.000000000e+00
     2.82196   1.000000000e+00
     2.82208   1.000000000e+00
     2.82219   1.000000000e+00
     2.82230   1.000000000e+00
     2.82241   1.000000000e+00
     2.82252   1.000000000e+00
     2.82264   1.000000000e+00
     2.82275   1.000000000e+00
     2.82286   1.000000000e+00
     2.82297   1.000000000e+00
     2.82309   1.000000000e+00
     2.82320   1.000000000e+00
     2.82331   1.000000000e+00
     2.82342   1.000000000e+00
     2.82353   1.000000000e+00
     2.82365   1.000000000e+00
     2.82376   1.000000000e+00
     2.82387   1.000000000e+00
     2.82398   1.000000000e+00
     2.82410   1.000000000e+00
     2.82421   1.000000000e+00
     2.82432   1.000000000e+00
     2.82443   1.000000000e+00
     2.82454   1.000000000e+00
     2.82466   1.000000000e+00
     2.82477   1.000000000e+00
     2.82488   1.000000000e+00
     2.82499   1.000000000e+00
     2.82510   1.000000000e+00
     2.82522   1.000000000e+00
     2.82533   1.000000000e+00
     2.82544   1.000000000e+00
     2.82555   1.000000000e+00
     2.82567   1.000000000e+00
     2.82578   1.000000000e+00
     2.82589   1.000000000e+00
     2.82600   1.000000000e+00
     2.82611   1.000000000e+00
     2.82623   1.000000000e+00
     2.82634   1.000000000e+00
     2.82645   1.000000000e+00
     2.82656   1.000000000e+00
     2.82667   1.000000000e+00
     2.82679   1.000000000e+00
     2.82690   1.000000000e+00
     2.82701   1.000000000e+00
     2.82712   1.000000000e+00
     2.82724   1.000000000e+00
     2.82735   1.000000000e+00
     2.82746   1.000000000e+00
     2.82757   1.000000000e+00
     2.82768   1.000000000e+00
     2.82780   1.000000000e+00
     2.82791   1.000000000e+00
     2.82802   1.000000000e+00
     2.82813   1.000000000e+00
     2.82824   1.000000000e+00
     2.82836   1.000000000e+00
     2.82847   1.000000000e+00
     2.82858   1.000000000e+00
     2.82869   1.000000000e+00
     2.82881   1.000000000e+00
     2.82892   1.000000000e+00
     2.82903   1.000000000e+00
     2.82914   1.000000000e+00
     2.82925   1.000000000e+00
     2.82937   1.000000000e+00
     2.82948   1.000000000e+00
     2.82959   1.000000000e+00
     2.82970   1.000000000e+00
     2.82982   1.000000000e+00
     2.82993   1.000000000e+00
     2.83004   1.000000000e+00
     2.83015   1.000000000e+00
     2.83026   1.000000000e+00
     2.83038   1.000000000e+00
     2.83049   1.000000000e+00
     2.83060   1.000000000e+00
     2.83071   1.000000000e+00
     2.83082   1.000000000e+00
     2.83094   1.000000000e+00
     2.83105   1.000000000e+00
     2.83116   1.000000000e+00
     2.83127   1.000000000e+00
     2.83139   1.000000000e+00
     2.83150   1.000000000e+00
     2.83161   1.000000000e+00
     2.83172   1.000000000e+00
     2.83183   1.000000000e+00
     2.83195   1.000000000e+00
     2.83206   1.000000000e+00
     2.83217   1.000000000e+00
     2.83228   1.000000000e+00
     2.83239   1.000000000e+00
     2.83251   1.000000000e+00
     2.83262   1.000000000e+00
     2.83273   1.000000000e+00
     2.83284   1.000000000e+00
     2.83296   1.000000000e+00
     2.83307   1.000000000e+00
     2.83318   1.000000000e+00
     2.83329   1.000000000e+00
     2.83340   1.000000000e+00
     2.83352   1.000000000e+00
     2.83363   1.000000000e+00
     2.83374   1.000000000e+00
     2.83385   1.000000000e+00
     2.83397   1.000000000e+00
     2.83408   1.000000000e+00
     2.83419   1.000000000e+00
     2.83430   1.000000000e+00
     2.83441   1.000000000e+00
     2.83453   1.000000000e+00
     2.83464   1.000000000e+00
     2.83475   1.000000000e+00
     2.83486   1.000000000e+00
     2.83497   1.000000000e+00
     2.83509   1.000000000e+00
     2.83520   1.000000000e+00
     2.83531   1.000000000e+00
     2.83542   1.000000000e+00
     2.83554   1.000000000e+00
     2.83565   1.000000000e+00
     2.83576   1.000000000e+00
     2.83587   1.000000000e+00
     2.83598   1.000000000e+00
     2.83610   1.000000000e+00
     2.83621   1.000000000e+00
     2.83632   1.000000000e+00
     2.83643   1.000000000e+00
     2.83654   1.000000000e+00
     2.83666   1.000000000e+00
     2.83677   1.000000000e+00
     2.83688   1.000000000e+00
     2.83699   1.000000000e+00
     2.83711   1.000000000e+00
     2.83722   1.000000000e+00
     2.83733   1.000000000e+00
     2.83744   1.000000000e+00
     2.83755   1.000000000e+00
     2.83767   1.000000000e+00
     2.83778   1.000000000e+00
     2.83789   1.000000000e+00
     2.83800   1.000000000e+00
     2.83811   1.000000000e+00
     2.83823   1.000000000e+00
     2.83834   1.000000000e+00
     2.83845   1.000000000e+00
     2.83856   1.000000000e+00
     2.83868   1.000000000e+00
     2.83879   1.000000000e+00
     2.83890   1.000000000e+00
     2.83901   1.000000000e+00
     2.83912   1.000000000e+00
     2.83924   1.000000000e+00
     2.83935   1.000000000e+00
     2.83946   1.000000000e+00
     2.83957   1.000000000e+00
     2.83969   1.000000000e+00
     2.83980   1.000000000e+00
     2.83991   1.000000000e+00
     2.84002   1.000000000e+00
     2.84013   1.000000000e+00
     2.84025   1.000000000e+00
     2.84036   1.000000000e+00
     2.84047   1.000000000e+00
     2.84058   1.000000000e+00
     2.84069   1.000000000e+00
     2.84081   1.000000000e+00
     2.84092   1.000000000e+00
     2.84103   1.000000000e+00
     2.84114   1.000000000e+00
     2.84126   1.000000000e+00
     2.84137   1.000000000e+00
     2.84148   1.000000000e+00
     2.84159   1.000000000e+00
     2.84170   1.000000000e+00
     2.84182   1.000000000e+00
     2.84193   1.000000000e+00
     2.84204   1.000000000e+00
     2.84215   1.000000000e+00
     2.84226   1.000000000e+00
     2.84238   1.000000000e+00
     2.84249   1.000000000e+00
     2.84260   1.000000000e+00
     2.84271   1.000000000e+00
     2.84283   1.000000000e+00
     2.84294   1.000000000e+00
     2.84305   1.000000000e+00
     2.84316   1.000000000e+00
     2.84327   1.000000000e+00
     2.84339   1.000000000e+00
     2.84350   1.000000000e+00
     2.84361   1.000000000e+00
     2.84372   1.000000000e+00
     2.84383   1.000000000e+00
     2.84395   1.000000000e+00
     2.84406   1.000000000e+00
     2.84417   1.000000000e+00
     2.84428   1.000000000e+00
     2.84440   1.000000000e+00
     2.84451   1.000000000e+00
     2.84462   1.000000000e+00
     2.84473   1.000000000e+00
     2.84484   1.000000000e+00
     2.84496   1.000000000e+00
     2.84507   1.000000000e+00
     2.84518   1.000000000e+00
     2.84529   1.000000000e+00
     2.84541   1.000000000e+00
     2.84552   1.000000000e+00
     2.84563   1.000000000e+00
     2.84574   1.000000000e+00
     2.84585   1.000000000e+00
     2.84597   1.000000000e+00
     2.84608   1.000000000e+00
     2.84619   0.000000000e+00
     2.84630   0.000000000e+00
     2.84641   0.000000000e+00
     2.84653   0.000000000e+00
     2.84664   0.000000000e+00
     2.84675   0.000000000e+00
     2.84686   0.000000000e+00
     2.84698   0.000000000e+00
     2.84709   0.000000000e+00
     2.84720   0.000000000e+00
     2.84731   0.000000000e+00
     2.84742   0.000000000e+00
     2.84754   0.000000000e+00
     2.84765   0.000000000e+00
     2.84776   0.000000000e+00
     2.84787   0.000000000e+00
     2.84798   0.000000000e+00
     2.84810   0.000000000e+00
     2.84821   0.000000000e+00
     2.84832   0.000000000e+00
     2.84843   0.000000000e+00
     2.84855   0.000000000e+00
     2.84866   0.000000000e+00
     2.84877   0.000000000e+00
     2.84888   0.000000000e+00
     2.84899   0.000000000e+00
     2.84911   0.000000000e+00
     2.84922   0.000000000e+00
     2.84933   0.000000000e+00
     2.84944   0.000000000e+00
     2.84956   0.000000000e+00
     2.84967   0.000000000e+00
     2.84978   0.000000000e+00
     2.84989   0.000000000e+00
     2.85000   0.000000000e+00
     2.85012   0.000000000e+00
     2.85023   0.000000000e+00
     2.85034   0.000000000e+00
     2.85045   0.000000000e+00
     2.85056   0.000000000e+00
     2.85068   0.000000000e+00
     2.85079   0.000000000e+00
     2.85090   0.000000000e+00
     2.85101   0.000000000e+00
     2.85113   0.000000000e+00
     2.85124   0.000000000e+00
     2.85135   0.000000000e+00
     2.85146   0.000000000e+00
     2.85157   0.000000000e+00
