# Wavelength      transmission
#         um          unitless
     2.95569   0.000000000e+00
     2.95581   0.000000000e+00
     2.95593   0.000000000e+00
     2.95604   0.000000000e+00
     2.95616   0.000000000e+00
     2.95628   0.000000000e+00
     2.95640   0.000000000e+00
     2.95652   0.000000000e+00
     2.95664   0.000000000e+00
     2.95676   0.000000000e+00
     2.95688   0.000000000e+00
     2.95700   0.000000000e+00
     2.95712   0.000000000e+00
     2.95724   0.000000000e+00
     2.95735   0.000000000e+00
     2.95747   0.000000000e+00
     2.95759   0.000000000e+00
     2.95771   0.000000000e+00
     2.95783   0.000000000e+00
     2.95795   0.000000000e+00
     2.95807   0.000000000e+00
     2.95819   0.000000000e+00
     2.95831   0.000000000e+00
     2.95843   0.000000000e+00
     2.95854   0.000000000e+00
     2.95866   0.000000000e+00
     2.95878   0.000000000e+00
     2.95890   0.000000000e+00
     2.95902   0.000000000e+00
     2.95914   0.000000000e+00
     2.95926   0.000000000e+00
     2.95938   0.000000000e+00
     2.95950   0.000000000e+00
     2.95962   0.000000000e+00
     2.95974   0.000000000e+00
     2.95985   0.000000000e+00
     2.95997   0.000000000e+00
     2.96009   0.000000000e+00
     2.96021   0.000000000e+00
     2.96033   0.000000000e+00
     2.96045   0.000000000e+00
     2.96057   0.000000000e+00
     2.96069   0.000000000e+00
     2.96081   0.000000000e+00
     2.96093   0.000000000e+00
     2.96105   0.000000000e+00
     2.96116   0.000000000e+00
     2.96128   0.000000000e+00
     2.96140   0.000000000e+00
     2.96152   0.000000000e+00
     2.96164   0.000000000e+00
     2.96176   1.000000000e+00
     2.96188   1.000000000e+00
     2.96200   1.000000000e+00
     2.96212   1.000000000e+00
     2.96224   1.000000000e+00
     2.96235   1.000000000e+00
     2.96247   1.000000000e+00
     2.96259   1.000000000e+00
     2.96271   1.000000000e+00
     2.96283   1.000000000e+00
     2.96295   1.000000000e+00
     2.96307   1.000000000e+00
     2.96319   1.000000000e+00
     2.96331   1.000000000e+00
     2.96343   1.000000000e+00
     2.96355   1.000000000e+00
     2.96366   1.000000000e+00
     2.96378   1.000000000e+00
     2.96390   1.000000000e+00
     2.96402   1.000000000e+00
     2.96414   1.000000000e+00
     2.96426   1.000000000e+00
     2.96438   1.000000000e+00
     2.96450   1.000000000e+00
     2.96462   1.000000000e+00
     2.96474   1.000000000e+00
     2.96485   1.000000000e+00
     2.96497   1.000000000e+00
     2.96509   1.000000000e+00
     2.96521   1.000000000e+00
     2.96533   1.000000000e+00
     2.96545   1.000000000e+00
     2.96557   1.000000000e+00
     2.96569   1.000000000e+00
     2.96581   1.000000000e+00
     2.96593   1.000000000e+00
     2.96605   1.000000000e+00
     2.96616   1.000000000e+00
     2.96628   1.000000000e+00
     2.96640   1.000000000e+00
     2.96652   1.000000000e+00
     2.96664   1.000000000e+00
     2.96676   1.000000000e+00
     2.96688   1.000000000e+00
     2.96700   1.000000000e+00
     2.96712   1.000000000e+00
     2.96724   1.000000000e+00
     2.96736   1.000000000e+00
     2.96747   1.000000000e+00
     2.96759   1.000000000e+00
     2.96771   1.000000000e+00
     2.96783   1.000000000e+00
     2.96795   1.000000000e+00
     2.96807   1.000000000e+00
     2.96819   1.000000000e+00
     2.96831   1.000000000e+00
     2.96843   1.000000000e+00
     2.96855   1.000000000e+00
     2.96866   1.000000000e+00
     2.96878   1.000000000e+00
     2.96890   1.000000000e+00
     2.96902   1.000000000e+00
     2.96914   1.000000000e+00
     2.96926   1.000000000e+00
     2.96938   1.000000000e+00
     2.96950   1.000000000e+00
     2.96962   1.000000000e+00
     2.96974   1.000000000e+00
     2.96986   1.000000000e+00
     2.96997   1.000000000e+00
     2.97009   1.000000000e+00
     2.97021   1.000000000e+00
     2.97033   1.000000000e+00
     2.97045   1.000000000e+00
     2.97057   1.000000000e+00
     2.97069   1.000000000e+00
     2.97081   1.000000000e+00
     2.97093   1.000000000e+00
     2.97105   1.000000000e+00
     2.97116   1.000000000e+00
     2.97128   1.000000000e+00
     2.97140   1.000000000e+00
     2.97152   1.000000000e+00
     2.97164   1.000000000e+00
     2.97176   1.000000000e+00
     2.97188   1.000000000e+00
     2.97200   1.000000000e+00
     2.97212   1.000000000e+00
     2.97224   1.000000000e+00
     2.97236   1.000000000e+00
     2.97247   1.000000000e+00
     2.97259   1.000000000e+00
     2.97271   1.000000000e+00
     2.97283   1.000000000e+00
     2.97295   1.000000000e+00
     2.97307   1.000000000e+00
     2.97319   1.000000000e+00
     2.97331   1.000000000e+00
     2.97343   1.000000000e+00
     2.97355   1.000000000e+00
     2.97367   1.000000000e+00
     2.97378   1.000000000e+00
     2.97390   1.000000000e+00
     2.97402   1.000000000e+00
     2.97414   1.000000000e+00
     2.97426   1.000000000e+00
     2.97438   1.000000000e+00
     2.97450   1.000000000e+00
     2.97462   1.000000000e+00
     2.97474   1.000000000e+00
     2.97486   1.000000000e+00
     2.97497   1.000000000e+00
     2.97509   1.000000000e+00
     2.97521   1.000000000e+00
     2.97533   1.000000000e+00
     2.97545   1.000000000e+00
     2.97557   1.000000000e+00
     2.97569   1.000000000e+00
     2.97581   1.000000000e+00
     2.97593   1.000000000e+00
     2.97605   1.000000000e+00
     2.97617   1.000000000e+00
     2.97628   1.000000000e+00
     2.97640   1.000000000e+00
     2.97652   1.000000000e+00
     2.97664   1.000000000e+00
     2.97676   1.000000000e+00
     2.97688   1.000000000e+00
     2.97700   1.000000000e+00
     2.97712   1.000000000e+00
     2.97724   1.000000000e+00
     2.97736   1.000000000e+00
     2.97748   1.000000000e+00
     2.97759   1.000000000e+00
     2.97771   1.000000000e+00
     2.97783   1.000000000e+00
     2.97795   1.000000000e+00
     2.97807   1.000000000e+00
     2.97819   1.000000000e+00
     2.97831   1.000000000e+00
     2.97843   1.000000000e+00
     2.97855   1.000000000e+00
     2.97867   1.000000000e+00
     2.97878   1.000000000e+00
     2.97890   1.000000000e+00
     2.97902   1.000000000e+00
     2.97914   1.000000000e+00
     2.97926   1.000000000e+00
     2.97938   1.000000000e+00
     2.97950   1.000000000e+00
     2.97962   1.000000000e+00
     2.97974   1.000000000e+00
     2.97986   1.000000000e+00
     2.97998   1.000000000e+00
     2.98009   1.000000000e+00
     2.98021   1.000000000e+00
     2.98033   1.000000000e+00
     2.98045   1.000000000e+00
     2.98057   1.000000000e+00
     2.98069   1.000000000e+00
     2.98081   1.000000000e+00
     2.98093   1.000000000e+00
     2.98105   1.000000000e+00
     2.98117   1.000000000e+00
     2.98128   1.000000000e+00
     2.98140   1.000000000e+00
     2.98152   1.000000000e+00
     2.98164   1.000000000e+00
     2.98176   1.000000000e+00
     2.98188   1.000000000e+00
     2.98200   1.000000000e+00
     2.98212   1.000000000e+00
     2.98224   1.000000000e+00
     2.98236   1.000000000e+00
     2.98248   1.000000000e+00
     2.98259   1.000000000e+00
     2.98271   1.000000000e+00
     2.98283   1.000000000e+00
     2.98295   1.000000000e+00
     2.98307   1.000000000e+00
     2.98319   1.000000000e+00
     2.98331   1.000000000e+00
     2.98343   1.000000000e+00
     2.98355   1.000000000e+00
     2.98367   1.000000000e+00
     2.98379   1.000000000e+00
     2.98390   1.000000000e+00
     2.98402   1.000000000e+00
     2.98414   1.000000000e+00
     2.98426   1.000000000e+00
     2.98438   1.000000000e+00
     2.98450   1.000000000e+00
     2.98462   1.000000000e+00
     2.98474   1.000000000e+00
     2.98486   1.000000000e+00
     2.98498   1.000000000e+00
     2.98509   1.000000000e+00
     2.98521   1.000000000e+00
     2.98533   1.000000000e+00
     2.98545   1.000000000e+00
     2.98557   1.000000000e+00
     2.98569   1.000000000e+00
     2.98581   1.000000000e+00
     2.98593   1.000000000e+00
     2.98605   1.000000000e+00
     2.98617   1.000000000e+00
     2.98629   1.000000000e+00
     2.98640   1.000000000e+00
     2.98652   1.000000000e+00
     2.98664   1.000000000e+00
     2.98676   1.000000000e+00
     2.98688   1.000000000e+00
     2.98700   1.000000000e+00
     2.98712   1.000000000e+00
     2.98724   1.000000000e+00
     2.98736   1.000000000e+00
     2.98748   1.000000000e+00
     2.98759   1.000000000e+00
     2.98771   1.000000000e+00
     2.98783   1.000000000e+00
     2.98795   1.000000000e+00
     2.98807   1.000000000e+00
     2.98819   1.000000000e+00
     2.98831   1.000000000e+00
     2.98843   1.000000000e+00
     2.98855   1.000000000e+00
     2.98867   1.000000000e+00
     2.98879   1.000000000e+00
     2.98890   1.000000000e+00
     2.98902   1.000000000e+00
     2.98914   1.000000000e+00
     2.98926   1.000000000e+00
     2.98938   1.000000000e+00
     2.98950   1.000000000e+00
     2.98962   1.000000000e+00
     2.98974   1.000000000e+00
     2.98986   1.000000000e+00
     2.98998   1.000000000e+00
     2.99010   1.000000000e+00
     2.99021   1.000000000e+00
     2.99033   1.000000000e+00
     2.99045   1.000000000e+00
     2.99057   1.000000000e+00
     2.99069   1.000000000e+00
     2.99081   1.000000000e+00
     2.99093   1.000000000e+00
     2.99105   1.000000000e+00
     2.99117   1.000000000e+00
     2.99129   1.000000000e+00
     2.99140   1.000000000e+00
     2.99152   1.000000000e+00
     2.99164   1.000000000e+00
     2.99176   1.000000000e+00
     2.99188   1.000000000e+00
     2.99200   1.000000000e+00
     2.99212   1.000000000e+00
     2.99224   1.000000000e+00
     2.99236   1.000000000e+00
     2.99248   1.000000000e+00
     2.99260   1.000000000e+00
     2.99271   1.000000000e+00
     2.99283   1.000000000e+00
     2.99295   1.000000000e+00
     2.99307   1.000000000e+00
     2.99319   1.000000000e+00
     2.99331   1.000000000e+00
     2.99343   1.000000000e+00
     2.99355   1.000000000e+00
     2.99367   1.000000000e+00
     2.99379   1.000000000e+00
     2.99390   1.000000000e+00
     2.99402   1.000000000e+00
     2.99414   1.000000000e+00
     2.99426   1.000000000e+00
     2.99438   1.000000000e+00
     2.99450   1.000000000e+00
     2.99462   1.000000000e+00
     2.99474   1.000000000e+00
     2.99486   1.000000000e+00
     2.99498   1.000000000e+00
     2.99510   1.000000000e+00
     2.99521   1.000000000e+00
     2.99533   1.000000000e+00
     2.99545   1.000000000e+00
     2.99557   1.000000000e+00
     2.99569   1.000000000e+00
     2.99581   1.000000000e+00
     2.99593   1.000000000e+00
     2.99605   1.000000000e+00
     2.99617   1.000000000e+00
     2.99629   1.000000000e+00
     2.99641   1.000000000e+00
     2.99652   1.000000000e+00
     2.99664   1.000000000e+00
     2.99676   1.000000000e+00
     2.99688   1.000000000e+00
     2.99700   1.000000000e+00
     2.99712   1.000000000e+00
     2.99724   1.000000000e+00
     2.99736   1.000000000e+00
     2.99748   1.000000000e+00
     2.99760   1.000000000e+00
     2.99771   1.000000000e+00
     2.99783   1.000000000e+00
     2.99795   1.000000000e+00
     2.99807   1.000000000e+00
     2.99819   1.000000000e+00
     2.99831   1.000000000e+00
     2.99843   1.000000000e+00
     2.99855   1.000000000e+00
     2.99867   1.000000000e+00
     2.99879   1.000000000e+00
     2.99891   1.000000000e+00
     2.99902   1.000000000e+00
     2.99914   1.000000000e+00
     2.99926   1.000000000e+00
     2.99938   1.000000000e+00
     2.99950   1.000000000e+00
     2.99962   1.000000000e+00
     2.99974   1.000000000e+00
     2.99986   1.000000000e+00
     2.99998   1.000000000e+00
     3.00010   1.000000000e+00
     3.00022   1.000000000e+00
     3.00033   1.000000000e+00
     3.00045   1.000000000e+00
     3.00057   1.000000000e+00
     3.00069   1.000000000e+00
     3.00081   1.000000000e+00
     3.00093   1.000000000e+00
     3.00105   1.000000000e+00
     3.00117   1.000000000e+00
     3.00129   1.000000000e+00
     3.00141   1.000000000e+00
     3.00152   1.000000000e+00
     3.00164   1.000000000e+00
     3.00176   1.000000000e+00
     3.00188   1.000000000e+00
     3.00200   1.000000000e+00
     3.00212   1.000000000e+00
     3.00224   1.000000000e+00
     3.00236   1.000000000e+00
     3.00248   1.000000000e+00
     3.00260   1.000000000e+00
     3.00272   1.000000000e+00
     3.00283   1.000000000e+00
     3.00295   1.000000000e+00
     3.00307   1.000000000e+00
     3.00319   1.000000000e+00
     3.00331   1.000000000e+00
     3.00343   1.000000000e+00
     3.00355   1.000000000e+00
     3.00367   1.000000000e+00
     3.00379   1.000000000e+00
     3.00391   1.000000000e+00
     3.00402   1.000000000e+00
     3.00414   1.000000000e+00
     3.00426   1.000000000e+00
     3.00438   1.000000000e+00
     3.00450   1.000000000e+00
     3.00462   1.000000000e+00
     3.00474   1.000000000e+00
     3.00486   1.000000000e+00
     3.00498   1.000000000e+00
     3.00510   1.000000000e+00
     3.00522   1.000000000e+00
     3.00533   1.000000000e+00
     3.00545   1.000000000e+00
     3.00557   1.000000000e+00
     3.00569   1.000000000e+00
     3.00581   1.000000000e+00
     3.00593   1.000000000e+00
     3.00605   1.000000000e+00
     3.00617   1.000000000e+00
     3.00629   1.000000000e+00
     3.00641   1.000000000e+00
     3.00653   1.000000000e+00
     3.00664   1.000000000e+00
     3.00676   1.000000000e+00
     3.00688   1.000000000e+00
     3.00700   1.000000000e+00
     3.00712   1.000000000e+00
     3.00724   1.000000000e+00
     3.00736   1.000000000e+00
     3.00748   1.000000000e+00
     3.00760   1.000000000e+00
     3.00772   1.000000000e+00
     3.00783   1.000000000e+00
     3.00795   1.000000000e+00
     3.00807   1.000000000e+00
     3.00819   1.000000000e+00
     3.00831   1.000000000e+00
     3.00843   1.000000000e+00
     3.00855   1.000000000e+00
     3.00867   1.000000000e+00
     3.00879   1.000000000e+00
     3.00891   1.000000000e+00
     3.00903   1.000000000e+00
     3.00914   1.000000000e+00
     3.00926   1.000000000e+00
     3.00938   1.000000000e+00
     3.00950   1.000000000e+00
     3.00962   1.000000000e+00
     3.00974   1.000000000e+00
     3.00986   1.000000000e+00
     3.00998   1.000000000e+00
     3.01010   1.000000000e+00
     3.01022   1.000000000e+00
     3.01033   1.000000000e+00
     3.01045   1.000000000e+00
     3.01057   1.000000000e+00
     3.01069   1.000000000e+00
     3.01081   1.000000000e+00
     3.01093   1.000000000e+00
     3.01105   1.000000000e+00
     3.01117   1.000000000e+00
     3.01129   1.000000000e+00
     3.01141   1.000000000e+00
     3.01153   1.000000000e+00
     3.01164   1.000000000e+00
     3.01176   1.000000000e+00
     3.01188   1.000000000e+00
     3.01200   1.000000000e+00
     3.01212   1.000000000e+00
     3.01224   1.000000000e+00
     3.01236   1.000000000e+00
     3.01248   1.000000000e+00
     3.01260   1.000000000e+00
     3.01272   1.000000000e+00
     3.01284   1.000000000e+00
     3.01295   1.000000000e+00
     3.01307   1.000000000e+00
     3.01319   1.000000000e+00
     3.01331   1.000000000e+00
     3.01343   1.000000000e+00
     3.01355   1.000000000e+00
     3.01367   1.000000000e+00
     3.01379   1.000000000e+00
     3.01391   1.000000000e+00
     3.01403   1.000000000e+00
     3.01414   1.000000000e+00
     3.01426   1.000000000e+00
     3.01438   1.000000000e+00
     3.01450   1.000000000e+00
     3.01462   1.000000000e+00
     3.01474   1.000000000e+00
     3.01486   1.000000000e+00
     3.01498   1.000000000e+00
     3.01510   1.000000000e+00
     3.01522   1.000000000e+00
     3.01534   1.000000000e+00
     3.01545   1.000000000e+00
     3.01557   1.000000000e+00
     3.01569   1.000000000e+00
     3.01581   1.000000000e+00
     3.01593   1.000000000e+00
     3.01605   1.000000000e+00
     3.01617   1.000000000e+00
     3.01629   1.000000000e+00
     3.01641   1.000000000e+00
     3.01653   1.000000000e+00
     3.01665   1.000000000e+00
     3.01676   1.000000000e+00
     3.01688   1.000000000e+00
     3.01700   1.000000000e+00
     3.01712   1.000000000e+00
     3.01724   1.000000000e+00
     3.01736   1.000000000e+00
     3.01748   1.000000000e+00
     3.01760   1.000000000e+00
     3.01772   1.000000000e+00
     3.01784   1.000000000e+00
     3.01795   1.000000000e+00
     3.01807   1.000000000e+00
     3.01819   1.000000000e+00
     3.01831   1.000000000e+00
     3.01843   1.000000000e+00
     3.01855   1.000000000e+00
     3.01867   1.000000000e+00
     3.01879   1.000000000e+00
     3.01891   1.000000000e+00
     3.01903   1.000000000e+00
     3.01915   1.000000000e+00
     3.01926   1.000000000e+00
     3.01938   1.000000000e+00
     3.01950   1.000000000e+00
     3.01962   1.000000000e+00
     3.01974   1.000000000e+00
     3.01986   1.000000000e+00
     3.01998   1.000000000e+00
     3.02010   1.000000000e+00
     3.02022   1.000000000e+00
     3.02034   1.000000000e+00
     3.02045   1.000000000e+00
     3.02057   1.000000000e+00
     3.02069   1.000000000e+00
     3.02081   1.000000000e+00
     3.02093   1.000000000e+00
     3.02105   1.000000000e+00
     3.02117   1.000000000e+00
     3.02129   0.000000000e+00
     3.02141   0.000000000e+00
     3.02153   0.000000000e+00
     3.02165   0.000000000e+00
     3.02176   0.000000000e+00
     3.02188   0.000000000e+00
     3.02200   0.000000000e+00
     3.02212   0.000000000e+00
     3.02224   0.000000000e+00
     3.02236   0.000000000e+00
     3.02248   0.000000000e+00
     3.02260   0.000000000e+00
     3.02272   0.000000000e+00
     3.02284   0.000000000e+00
     3.02296   0.000000000e+00
     3.02307   0.000000000e+00
     3.02319   0.000000000e+00
     3.02331   0.000000000e+00
     3.02343   0.000000000e+00
     3.02355   0.000000000e+00
     3.02367   0.000000000e+00
     3.02379   0.000000000e+00
     3.02391   0.000000000e+00
     3.02403   0.000000000e+00
     3.02415   0.000000000e+00
     3.02426   0.000000000e+00
     3.02438   0.000000000e+00
     3.02450   0.000000000e+00
     3.02462   0.000000000e+00
     3.02474   0.000000000e+00
     3.02486   0.000000000e+00
     3.02498   0.000000000e+00
     3.02510   0.000000000e+00
     3.02522   0.000000000e+00
     3.02534   0.000000000e+00
     3.02546   0.000000000e+00
     3.02557   0.000000000e+00
     3.02569   0.000000000e+00
     3.02581   0.000000000e+00
     3.02593   0.000000000e+00
     3.02605   0.000000000e+00
     3.02617   0.000000000e+00
     3.02629   0.000000000e+00
     3.02641   0.000000000e+00
     3.02653   0.000000000e+00
     3.02665   0.000000000e+00
     3.02676   0.000000000e+00
     3.02688   0.000000000e+00
     3.02700   0.000000000e+00
     3.02712   0.000000000e+00
