# Wavelength      transmission
#         um          unitless
     2.84036   0.000000000e+00
     2.84047   0.000000000e+00
     2.84059   0.000000000e+00
     2.84070   0.000000000e+00
     2.84082   0.000000000e+00
     2.84093   0.000000000e+00
     2.84104   0.000000000e+00
     2.84116   0.000000000e+00
     2.84127   0.000000000e+00
     2.84139   0.000000000e+00
     2.84150   0.000000000e+00
     2.84162   0.000000000e+00
     2.84173   0.000000000e+00
     2.84184   0.000000000e+00
     2.84196   0.000000000e+00
     2.84207   0.000000000e+00
     2.84219   0.000000000e+00
     2.84230   0.000000000e+00
     2.84242   0.000000000e+00
     2.84253   0.000000000e+00
     2.84265   0.000000000e+00
     2.84276   0.000000000e+00
     2.84287   0.000000000e+00
     2.84299   0.000000000e+00
     2.84310   0.000000000e+00
     2.84322   0.000000000e+00
     2.84333   0.000000000e+00
     2.84345   0.000000000e+00
     2.84356   0.000000000e+00
     2.84368   0.000000000e+00
     2.84379   0.000000000e+00
     2.84390   0.000000000e+00
     2.84402   0.000000000e+00
     2.84413   0.000000000e+00
     2.84425   0.000000000e+00
     2.84436   0.000000000e+00
     2.84448   0.000000000e+00
     2.84459   0.000000000e+00
     2.84471   0.000000000e+00
     2.84482   0.000000000e+00
     2.84493   0.000000000e+00
     2.84505   0.000000000e+00
     2.84516   0.000000000e+00
     2.84528   0.000000000e+00
     2.84539   0.000000000e+00
     2.84551   0.000000000e+00
     2.84562   0.000000000e+00
     2.84573   0.000000000e+00
     2.84585   0.000000000e+00
     2.84596   0.000000000e+00
     2.84608   1.000000000e+00
     2.84619   1.000000000e+00
     2.84631   1.000000000e+00
     2.84642   1.000000000e+00
     2.84654   1.000000000e+00
     2.84665   1.000000000e+00
     2.84676   1.000000000e+00
     2.84688   1.000000000e+00
     2.84699   1.000000000e+00
     2.84711   1.000000000e+00
     2.84722   1.000000000e+00
     2.84734   1.000000000e+00
     2.84745   1.000000000e+00
     2.84757   1.000000000e+00
     2.84768   1.000000000e+00
     2.84779   1.000000000e+00
     2.84791   1.000000000e+00
     2.84802   1.000000000e+00
     2.84814   1.000000000e+00
     2.84825   1.000000000e+00
     2.84837   1.000000000e+00
     2.84848   1.000000000e+00
     2.84860   1.000000000e+00
     2.84871   1.000000000e+00
     2.84882   1.000000000e+00
     2.84894   1.000000000e+00
     2.84905   1.000000000e+00
     2.84917   1.000000000e+00
     2.84928   1.000000000e+00
     2.84940   1.000000000e+00
     2.84951   1.000000000e+00
     2.84962   1.000000000e+00
     2.84974   1.000000000e+00
     2.84985   1.000000000e+00
     2.84997   1.000000000e+00
     2.85008   1.000000000e+00
     2.85020   1.000000000e+00
     2.85031   1.000000000e+00
     2.85043   1.000000000e+00
     2.85054   1.000000000e+00
     2.85065   1.000000000e+00
     2.85077   1.000000000e+00
     2.85088   1.000000000e+00
     2.85100   1.000000000e+00
     2.85111   1.000000000e+00
     2.85123   1.000000000e+00
     2.85134   1.000000000e+00
     2.85146   1.000000000e+00
     2.85157   1.000000000e+00
     2.85168   1.000000000e+00
     2.85180   1.000000000e+00
     2.85191   1.000000000e+00
     2.85203   1.000000000e+00
     2.85214   1.000000000e+00
     2.85226   1.000000000e+00
     2.85237   1.000000000e+00
     2.85249   1.000000000e+00
     2.85260   1.000000000e+00
     2.85271   1.000000000e+00
     2.85283   1.000000000e+00
     2.85294   1.000000000e+00
     2.85306   1.000000000e+00
     2.85317   1.000000000e+00
     2.85329   1.000000000e+00
     2.85340   1.000000000e+00
     2.85351   1.000000000e+00
     2.85363   1.000000000e+00
     2.85374   1.000000000e+00
     2.85386   1.000000000e+00
     2.85397   1.000000000e+00
     2.85409   1.000000000e+00
     2.85420   1.000000000e+00
     2.85432   1.000000000e+00
     2.85443   1.000000000e+00
     2.85454   1.000000000e+00
     2.85466   1.000000000e+00
     2.85477   1.000000000e+00
     2.85489   1.000000000e+00
     2.85500   1.000000000e+00
     2.85512   1.000000000e+00
     2.85523   1.000000000e+00
     2.85535   1.000000000e+00
     2.85546   1.000000000e+00
     2.85557   1.000000000e+00
     2.85569   1.000000000e+00
     2.85580   1.000000000e+00
     2.85592   1.000000000e+00
     2.85603   1.000000000e+00
     2.85615   1.000000000e+00
     2.85626   1.000000000e+00
     2.85638   1.000000000e+00
     2.85649   1.000000000e+00
     2.85660   1.000000000e+00
     2.85672   1.000000000e+00
     2.85683   1.000000000e+00
     2.85695   1.000000000e+00
     2.85706   1.000000000e+00
     2.85718   1.000000000e+00
     2.85729   1.000000000e+00
     2.85740   1.000000000e+00
     2.85752   1.000000000e+00
     2.85763   1.000000000e+00
     2.85775   1.000000000e+00
     2.85786   1.000000000e+00
     2.85798   1.000000000e+00
     2.85809   1.000000000e+00
     2.85821   1.000000000e+00
     2.85832   1.000000000e+00
     2.85843   1.000000000e+00
     2.85855   1.000000000e+00
     2.85866   1.000000000e+00
     2.85878   1.000000000e+00
     2.85889   1.000000000e+00
     2.85901   1.000000000e+00
     2.85912   1.000000000e+00
     2.85924   1.000000000e+00
     2.85935   1.000000000e+00
     2.85946   1.000000000e+00
     2.85958   1.000000000e+00
     2.85969   1.000000000e+00
     2.85981   1.000000000e+00
     2.85992   1.000000000e+00
     2.86004   1.000000000e+00
     2.86015   1.000000000e+00
     2.86027   1.000000000e+00
     2.86038   1.000000000e+00
     2.86049   1.000000000e+00
     2.86061   1.000000000e+00
     2.86072   1.000000000e+00
     2.86084   1.000000000e+00
     2.86095   1.000000000e+00
     2.86107   1.000000000e+00
     2.86118   1.000000000e+00
     2.86129   1.000000000e+00
     2.86141   1.000000000e+00
     2.86152   1.000000000e+00
     2.86164   1.000000000e+00
     2.86175   1.000000000e+00
     2.86187   1.000000000e+00
     2.86198   1.000000000e+00
     2.86210   1.000000000e+00
     2.86221   1.000000000e+00
     2.86232   1.000000000e+00
     2.86244   1.000000000e+00
     2.86255   1.000000000e+00
     2.86267   1.000000000e+00
     2.86278   1.000000000e+00
     2.86290   1.000000000e+00
     2.86301   1.000000000e+00
     2.86313   1.000000000e+00
     2.86324   1.000000000e+00
     2.86335   1.000000000e+00
     2.86347   1.000000000e+00
     2.86358   1.000000000e+00
     2.86370   1.000000000e+00
     2.86381   1.000000000e+00
     2.86393   1.000000000e+00
     2.86404   1.000000000e+00
     2.86416   1.000000000e+00
     2.86427   1.000000000e+00
     2.86438   1.000000000e+00
     2.86450   1.000000000e+00
     2.86461   1.000000000e+00
     2.86473   1.000000000e+00
     2.86484   1.000000000e+00
     2.86496   1.000000000e+00
     2.86507   1.000000000e+00
     2.86518   1.000000000e+00
     2.86530   1.000000000e+00
     2.86541   1.000000000e+00
     2.86553   1.000000000e+00
     2.86564   1.000000000e+00
     2.86576   1.000000000e+00
     2.86587   1.000000000e+00
     2.86599   1.000000000e+00
     2.86610   1.000000000e+00
     2.86621   1.000000000e+00
     2.86633   1.000000000e+00
     2.86644   1.000000000e+00
     2.86656   1.000000000e+00
     2.86667   1.000000000e+00
     2.86679   1.000000000e+00
     2.86690   1.000000000e+00
     2.86702   1.000000000e+00
     2.86713   1.000000000e+00
     2.86724   1.000000000e+00
     2.86736   1.000000000e+00
     2.86747   1.000000000e+00
     2.86759   1.000000000e+00
     2.86770   1.000000000e+00
     2.86782   1.000000000e+00
     2.86793   1.000000000e+00
     2.86805   1.000000000e+00
     2.86816   1.000000000e+00
     2.86827   1.000000000e+00
     2.86839   1.000000000e+00
     2.86850   1.000000000e+00
     2.86862   1.000000000e+00
     2.86873   1.000000000e+00
     2.86885   1.000000000e+00
     2.86896   1.000000000e+00
     2.86907   1.000000000e+00
     2.86919   1.000000000e+00
     2.86930   1.000000000e+00
     2.86942   1.000000000e+00
     2.86953   1.000000000e+00
     2.86965   1.000000000e+00
     2.86976   1.000000000e+00
     2.86988   1.000000000e+00
     2.86999   1.000000000e+00
     2.87010   1.000000000e+00
     2.87022   1.000000000e+00
     2.87033   1.000000000e+00
     2.87045   1.000000000e+00
     2.87056   1.000000000e+00
     2.87068   1.000000000e+00
     2.87079   1.000000000e+00
     2.87091   1.000000000e+00
     2.87102   1.000000000e+00
     2.87113   1.000000000e+00
     2.87125   1.000000000e+00
     2.87136   1.000000000e+00
     2.87148   1.000000000e+00
     2.87159   1.000000000e+00
     2.87171   1.000000000e+00
     2.87182   1.000000000e+00
     2.87194   1.000000000e+00
     2.87205   1.000000000e+00
     2.87216   1.000000000e+00
     2.87228   1.000000000e+00
     2.87239   1.000000000e+00
     2.87251   1.000000000e+00
     2.87262   1.000000000e+00
     2.87274   1.000000000e+00
     2.87285   1.000000000e+00
     2.87297   1.000000000e+00
     2.87308   1.000000000e+00
     2.87319   1.000000000e+00
     2.87331   1.000000000e+00
     2.87342   1.000000000e+00
     2.87354   1.000000000e+00
     2.87365   1.000000000e+00
     2.87377   1.000000000e+00
     2.87388   1.000000000e+00
     2.87399   1.000000000e+00
     2.87411   1.000000000e+00
     2.87422   1.000000000e+00
     2.87434   1.000000000e+00
     2.87445   1.000000000e+00
     2.87457   1.000000000e+00
     2.87468   1.000000000e+00
     2.87480   1.000000000e+00
     2.87491   1.000000000e+00
     2.87502   1.000000000e+00
     2.87514   1.000000000e+00
     2.87525   1.000000000e+00
     2.87537   1.000000000e+00
     2.87548   1.000000000e+00
     2.87560   1.000000000e+00
     2.87571   1.000000000e+00
     2.87583   1.000000000e+00
     2.87594   1.000000000e+00
     2.87605   1.000000000e+00
     2.87617   1.000000000e+00
     2.87628   1.000000000e+00
     2.87640   1.000000000e+00
     2.87651   1.000000000e+00
     2.87663   1.000000000e+00
     2.87674   1.000000000e+00
     2.87686   1.000000000e+00
     2.87697   1.000000000e+00
     2.87708   1.000000000e+00
     2.87720   1.000000000e+00
     2.87731   1.000000000e+00
     2.87743   1.000000000e+00
     2.87754   1.000000000e+00
     2.87766   1.000000000e+00
     2.87777   1.000000000e+00
     2.87788   1.000000000e+00
     2.87800   1.000000000e+00
     2.87811   1.000000000e+00
     2.87823   1.000000000e+00
     2.87834   1.000000000e+00
     2.87846   1.000000000e+00
     2.87857   1.000000000e+00
     2.87869   1.000000000e+00
     2.87880   1.000000000e+00
     2.87891   1.000000000e+00
     2.87903   1.000000000e+00
     2.87914   1.000000000e+00
     2.87926   1.000000000e+00
     2.87937   1.000000000e+00
     2.87949   1.000000000e+00
     2.87960   1.000000000e+00
     2.87972   1.000000000e+00
     2.87983   1.000000000e+00
     2.87994   1.000000000e+00
     2.88006   1.000000000e+00
     2.88017   1.000000000e+00
     2.88029   1.000000000e+00
     2.88040   1.000000000e+00
     2.88052   1.000000000e+00
     2.88063   1.000000000e+00
     2.88075   1.000000000e+00
     2.88086   1.000000000e+00
     2.88097   1.000000000e+00
     2.88109   1.000000000e+00
     2.88120   1.000000000e+00
     2.88132   1.000000000e+00
     2.88143   1.000000000e+00
     2.88155   1.000000000e+00
     2.88166   1.000000000e+00
     2.88177   1.000000000e+00
     2.88189   1.000000000e+00
     2.88200   1.000000000e+00
     2.88212   1.000000000e+00
     2.88223   1.000000000e+00
     2.88235   1.000000000e+00
     2.88246   1.000000000e+00
     2.88258   1.000000000e+00
     2.88269   1.000000000e+00
     2.88280   1.000000000e+00
     2.88292   1.000000000e+00
     2.88303   1.000000000e+00
     2.88315   1.000000000e+00
     2.88326   1.000000000e+00
     2.88338   1.000000000e+00
     2.88349   1.000000000e+00
     2.88361   1.000000000e+00
     2.88372   1.000000000e+00
     2.88383   1.000000000e+00
     2.88395   1.000000000e+00
     2.88406   1.000000000e+00
     2.88418   1.000000000e+00
     2.88429   1.000000000e+00
     2.88441   1.000000000e+00
     2.88452   1.000000000e+00
     2.88464   1.000000000e+00
     2.88475   1.000000000e+00
     2.88486   1.000000000e+00
     2.88498   1.000000000e+00
     2.88509   1.000000000e+00
     2.88521   1.000000000e+00
     2.88532   1.000000000e+00
     2.88544   1.000000000e+00
     2.88555   1.000000000e+00
     2.88566   1.000000000e+00
     2.88578   1.000000000e+00
     2.88589   1.000000000e+00
     2.88601   1.000000000e+00
     2.88612   1.000000000e+00
     2.88624   1.000000000e+00
     2.88635   1.000000000e+00
     2.88647   1.000000000e+00
     2.88658   1.000000000e+00
     2.88669   1.000000000e+00
     2.88681   1.000000000e+00
     2.88692   1.000000000e+00
     2.88704   1.000000000e+00
     2.88715   1.000000000e+00
     2.88727   1.000000000e+00
     2.88738   1.000000000e+00
     2.88750   1.000000000e+00
     2.88761   1.000000000e+00
     2.88772   1.000000000e+00
     2.88784   1.000000000e+00
     2.88795   1.000000000e+00
     2.88807   1.000000000e+00
     2.88818   1.000000000e+00
     2.88830   1.000000000e+00
     2.88841   1.000000000e+00
     2.88853   1.000000000e+00
     2.88864   1.000000000e+00
     2.88875   1.000000000e+00
     2.88887   1.000000000e+00
     2.88898   1.000000000e+00
     2.88910   1.000000000e+00
     2.88921   1.000000000e+00
     2.88933   1.000000000e+00
     2.88944   1.000000000e+00
     2.88955   1.000000000e+00
     2.88967   1.000000000e+00
     2.88978   1.000000000e+00
     2.88990   1.000000000e+00
     2.89001   1.000000000e+00
     2.89013   1.000000000e+00
     2.89024   1.000000000e+00
     2.89036   1.000000000e+00
     2.89047   1.000000000e+00
     2.89058   1.000000000e+00
     2.89070   1.000000000e+00
     2.89081   1.000000000e+00
     2.89093   1.000000000e+00
     2.89104   1.000000000e+00
     2.89116   1.000000000e+00
     2.89127   1.000000000e+00
     2.89139   1.000000000e+00
     2.89150   1.000000000e+00
     2.89161   1.000000000e+00
     2.89173   1.000000000e+00
     2.89184   1.000000000e+00
     2.89196   1.000000000e+00
     2.89207   1.000000000e+00
     2.89219   1.000000000e+00
     2.89230   1.000000000e+00
     2.89242   1.000000000e+00
     2.89253   1.000000000e+00
     2.89264   1.000000000e+00
     2.89276   1.000000000e+00
     2.89287   1.000000000e+00
     2.89299   1.000000000e+00
     2.89310   1.000000000e+00
     2.89322   1.000000000e+00
     2.89333   1.000000000e+00
     2.89344   1.000000000e+00
     2.89356   1.000000000e+00
     2.89367   1.000000000e+00
     2.89379   1.000000000e+00
     2.89390   1.000000000e+00
     2.89402   1.000000000e+00
     2.89413   1.000000000e+00
     2.89425   1.000000000e+00
     2.89436   1.000000000e+00
     2.89447   1.000000000e+00
     2.89459   1.000000000e+00
     2.89470   1.000000000e+00
     2.89482   1.000000000e+00
     2.89493   1.000000000e+00
     2.89505   1.000000000e+00
     2.89516   1.000000000e+00
     2.89528   1.000000000e+00
     2.89539   1.000000000e+00
     2.89550   1.000000000e+00
     2.89562   1.000000000e+00
     2.89573   1.000000000e+00
     2.89585   1.000000000e+00
     2.89596   1.000000000e+00
     2.89608   1.000000000e+00
     2.89619   1.000000000e+00
     2.89631   1.000000000e+00
     2.89642   1.000000000e+00
     2.89653   1.000000000e+00
     2.89665   1.000000000e+00
     2.89676   1.000000000e+00
     2.89688   1.000000000e+00
     2.89699   1.000000000e+00
     2.89711   1.000000000e+00
     2.89722   1.000000000e+00
     2.89733   1.000000000e+00
     2.89745   1.000000000e+00
     2.89756   1.000000000e+00
     2.89768   1.000000000e+00
     2.89779   1.000000000e+00
     2.89791   1.000000000e+00
     2.89802   1.000000000e+00
     2.89814   1.000000000e+00
     2.89825   1.000000000e+00
     2.89836   1.000000000e+00
     2.89848   1.000000000e+00
     2.89859   1.000000000e+00
     2.89871   1.000000000e+00
     2.89882   1.000000000e+00
     2.89894   1.000000000e+00
     2.89905   1.000000000e+00
     2.89917   1.000000000e+00
     2.89928   1.000000000e+00
     2.89939   1.000000000e+00
     2.89951   1.000000000e+00
     2.89962   1.000000000e+00
     2.89974   1.000000000e+00
     2.89985   1.000000000e+00
     2.89997   1.000000000e+00
     2.90008   1.000000000e+00
     2.90020   1.000000000e+00
     2.90031   1.000000000e+00
     2.90042   1.000000000e+00
     2.90054   1.000000000e+00
     2.90065   1.000000000e+00
     2.90077   1.000000000e+00
     2.90088   1.000000000e+00
     2.90100   1.000000000e+00
     2.90111   1.000000000e+00
     2.90122   1.000000000e+00
     2.90134   1.000000000e+00
     2.90145   1.000000000e+00
     2.90157   1.000000000e+00
     2.90168   1.000000000e+00
     2.90180   1.000000000e+00
     2.90191   1.000000000e+00
     2.90203   1.000000000e+00
     2.90214   1.000000000e+00
     2.90225   1.000000000e+00
     2.90237   1.000000000e+00
     2.90248   1.000000000e+00
     2.90260   1.000000000e+00
     2.90271   1.000000000e+00
     2.90283   1.000000000e+00
     2.90294   1.000000000e+00
     2.90306   1.000000000e+00
     2.90317   1.000000000e+00
     2.90328   0.000000000e+00
     2.90340   0.000000000e+00
     2.90351   0.000000000e+00
     2.90363   0.000000000e+00
     2.90374   0.000000000e+00
     2.90386   0.000000000e+00
     2.90397   0.000000000e+00
     2.90409   0.000000000e+00
     2.90420   0.000000000e+00
     2.90431   0.000000000e+00
     2.90443   0.000000000e+00
     2.90454   0.000000000e+00
     2.90466   0.000000000e+00
     2.90477   0.000000000e+00
     2.90489   0.000000000e+00
     2.90500   0.000000000e+00
     2.90511   0.000000000e+00
     2.90523   0.000000000e+00
     2.90534   0.000000000e+00
     2.90546   0.000000000e+00
     2.90557   0.000000000e+00
     2.90569   0.000000000e+00
     2.90580   0.000000000e+00
     2.90592   0.000000000e+00
     2.90603   0.000000000e+00
     2.90614   0.000000000e+00
     2.90626   0.000000000e+00
     2.90637   0.000000000e+00
     2.90649   0.000000000e+00
     2.90660   0.000000000e+00
     2.90672   0.000000000e+00
     2.90683   0.000000000e+00
     2.90695   0.000000000e+00
     2.90706   0.000000000e+00
     2.90717   0.000000000e+00
     2.90729   0.000000000e+00
     2.90740   0.000000000e+00
     2.90752   0.000000000e+00
     2.90763   0.000000000e+00
     2.90775   0.000000000e+00
     2.90786   0.000000000e+00
     2.90798   0.000000000e+00
     2.90809   0.000000000e+00
     2.90820   0.000000000e+00
     2.90832   0.000000000e+00
     2.90843   0.000000000e+00
     2.90855   0.000000000e+00
     2.90866   0.000000000e+00
     2.90878   0.000000000e+00
     2.90889   0.000000000e+00
     2.90900   0.000000000e+00
