#  Wavelength      transmission
#          um          unitless
     2.236969   0.000000000e+00
     2.237059   0.000000000e+00
     2.237150   0.000000000e+00
     2.237240   0.000000000e+00
     2.237330   0.000000000e+00
     2.237420   0.000000000e+00
     2.237510   0.000000000e+00
     2.237600   0.000000000e+00
     2.237690   0.000000000e+00
     2.237780   0.000000000e+00
     2.237870   0.000000000e+00
     2.237961   0.000000000e+00
     2.238051   0.000000000e+00
     2.238141   0.000000000e+00
     2.238231   0.000000000e+00
     2.238321   0.000000000e+00
     2.238411   0.000000000e+00
     2.238501   0.000000000e+00
     2.238591   0.000000000e+00
     2.238681   0.000000000e+00
     2.238771   0.000000000e+00
     2.238862   0.000000000e+00
     2.238952   0.000000000e+00
     2.239042   0.000000000e+00
     2.239132   0.000000000e+00
     2.239222   0.000000000e+00
     2.239312   0.000000000e+00
     2.239402   0.000000000e+00
     2.239492   0.000000000e+00
     2.239582   0.000000000e+00
     2.239673   0.000000000e+00
     2.239763   0.000000000e+00
     2.239853   0.000000000e+00
     2.239943   0.000000000e+00
     2.240033   0.000000000e+00
     2.240123   0.000000000e+00
     2.240213   0.000000000e+00
     2.240303   0.000000000e+00
     2.240393   0.000000000e+00
     2.240484   0.000000000e+00
     2.240574   0.000000000e+00
     2.240664   0.000000000e+00
     2.240754   0.000000000e+00
     2.240844   0.000000000e+00
     2.240934   0.000000000e+00
     2.241024   0.000000000e+00
     2.241114   0.000000000e+00
     2.241204   0.000000000e+00
     2.241295   0.000000000e+00
     2.241385   0.000000000e+00
     2.241475   0.000000000e+00
     2.241565   1.000000000e+00
     2.241655   1.000000000e+00
     2.241745   1.000000000e+00
     2.241835   1.000000000e+00
     2.241925   1.000000000e+00
     2.242015   1.000000000e+00
     2.242105   1.000000000e+00
     2.242196   1.000000000e+00
     2.242286   1.000000000e+00
     2.242376   1.000000000e+00
     2.242466   1.000000000e+00
     2.242556   1.000000000e+00
     2.242646   1.000000000e+00
     2.242736   1.000000000e+00
     2.242826   1.000000000e+00
     2.242916   1.000000000e+00
     2.243007   1.000000000e+00
     2.243097   1.000000000e+00
     2.243187   1.000000000e+00
     2.243277   1.000000000e+00
     2.243367   1.000000000e+00
     2.243457   1.000000000e+00
     2.243547   1.000000000e+00
     2.243637   1.000000000e+00
     2.243727   1.000000000e+00
     2.243818   1.000000000e+00
     2.243908   1.000000000e+00
     2.243998   1.000000000e+00
     2.244088   1.000000000e+00
     2.244178   1.000000000e+00
     2.244268   1.000000000e+00
     2.244358   1.000000000e+00
     2.244448   1.000000000e+00
     2.244538   1.000000000e+00
     2.244628   1.000000000e+00
     2.244719   1.000000000e+00
     2.244809   1.000000000e+00
     2.244899   1.000000000e+00
     2.244989   1.000000000e+00
     2.245079   1.000000000e+00
     2.245169   1.000000000e+00
     2.245259   1.000000000e+00
     2.245349   1.000000000e+00
     2.245439   1.000000000e+00
     2.245530   1.000000000e+00
     2.245620   1.000000000e+00
     2.245710   1.000000000e+00
     2.245800   1.000000000e+00
     2.245890   1.000000000e+00
     2.245980   1.000000000e+00
     2.246070   1.000000000e+00
     2.246160   1.000000000e+00
     2.246250   1.000000000e+00
     2.246341   1.000000000e+00
     2.246431   1.000000000e+00
     2.246521   1.000000000e+00
     2.246611   1.000000000e+00
     2.246701   1.000000000e+00
     2.246791   1.000000000e+00
     2.246881   1.000000000e+00
     2.246971   1.000000000e+00
     2.247061   1.000000000e+00
     2.247151   1.000000000e+00
     2.247242   1.000000000e+00
     2.247332   1.000000000e+00
     2.247422   1.000000000e+00
     2.247512   1.000000000e+00
     2.247602   1.000000000e+00
     2.247692   1.000000000e+00
     2.247782   1.000000000e+00
     2.247872   1.000000000e+00
     2.247962   1.000000000e+00
     2.248053   1.000000000e+00
     2.248143   1.000000000e+00
     2.248233   1.000000000e+00
     2.248323   1.000000000e+00
     2.248413   1.000000000e+00
     2.248503   1.000000000e+00
     2.248593   1.000000000e+00
     2.248683   1.000000000e+00
     2.248773   1.000000000e+00
     2.248864   1.000000000e+00
     2.248954   1.000000000e+00
     2.249044   1.000000000e+00
     2.249134   1.000000000e+00
     2.249224   1.000000000e+00
     2.249314   1.000000000e+00
     2.249404   1.000000000e+00
     2.249494   1.000000000e+00
     2.249584   1.000000000e+00
     2.249674   1.000000000e+00
     2.249765   1.000000000e+00
     2.249855   1.000000000e+00
     2.249945   1.000000000e+00
     2.250035   1.000000000e+00
     2.250125   1.000000000e+00
     2.250215   1.000000000e+00
     2.250305   1.000000000e+00
     2.250395   1.000000000e+00
     2.250485   1.000000000e+00
     2.250576   1.000000000e+00
     2.250666   1.000000000e+00
     2.250756   1.000000000e+00
     2.250846   1.000000000e+00
     2.250936   1.000000000e+00
     2.251026   1.000000000e+00
     2.251116   1.000000000e+00
     2.251206   1.000000000e+00
     2.251296   1.000000000e+00
     2.251387   1.000000000e+00
     2.251477   1.000000000e+00
     2.251567   1.000000000e+00
     2.251657   1.000000000e+00
     2.251747   1.000000000e+00
     2.251837   1.000000000e+00
     2.251927   1.000000000e+00
     2.252017   1.000000000e+00
     2.252107   1.000000000e+00
     2.252197   1.000000000e+00
     2.252288   1.000000000e+00
     2.252378   1.000000000e+00
     2.252468   1.000000000e+00
     2.252558   1.000000000e+00
     2.252648   1.000000000e+00
     2.252738   1.000000000e+00
     2.252828   1.000000000e+00
     2.252918   1.000000000e+00
     2.253008   1.000000000e+00
     2.253099   1.000000000e+00
     2.253189   1.000000000e+00
     2.253279   1.000000000e+00
     2.253369   1.000000000e+00
     2.253459   1.000000000e+00
     2.253549   1.000000000e+00
     2.253639   1.000000000e+00
     2.253729   1.000000000e+00
     2.253819   1.000000000e+00
     2.253910   1.000000000e+00
     2.254000   1.000000000e+00
     2.254090   1.000000000e+00
     2.254180   1.000000000e+00
     2.254270   1.000000000e+00
     2.254360   1.000000000e+00
     2.254450   1.000000000e+00
     2.254540   1.000000000e+00
     2.254630   1.000000000e+00
     2.254720   1.000000000e+00
     2.254811   1.000000000e+00
     2.254901   1.000000000e+00
     2.254991   1.000000000e+00
     2.255081   1.000000000e+00
     2.255171   1.000000000e+00
     2.255261   1.000000000e+00
     2.255351   1.000000000e+00
     2.255441   1.000000000e+00
     2.255531   1.000000000e+00
     2.255622   1.000000000e+00
     2.255712   1.000000000e+00
     2.255802   1.000000000e+00
     2.255892   1.000000000e+00
     2.255982   1.000000000e+00
     2.256072   1.000000000e+00
     2.256162   1.000000000e+00
     2.256252   1.000000000e+00
     2.256342   1.000000000e+00
     2.256433   1.000000000e+00
     2.256523   1.000000000e+00
     2.256613   1.000000000e+00
     2.256703   1.000000000e+00
     2.256793   1.000000000e+00
     2.256883   1.000000000e+00
     2.256973   1.000000000e+00
     2.257063   1.000000000e+00
     2.257153   1.000000000e+00
     2.257243   1.000000000e+00
     2.257334   1.000000000e+00
     2.257424   1.000000000e+00
     2.257514   1.000000000e+00
     2.257604   1.000000000e+00
     2.257694   1.000000000e+00
     2.257784   1.000000000e+00
     2.257874   1.000000000e+00
     2.257964   1.000000000e+00
     2.258054   1.000000000e+00
     2.258145   1.000000000e+00
     2.258235   1.000000000e+00
     2.258325   1.000000000e+00
     2.258415   1.000000000e+00
     2.258505   1.000000000e+00
     2.258595   1.000000000e+00
     2.258685   1.000000000e+00
     2.258775   1.000000000e+00
     2.258865   1.000000000e+00
     2.258956   1.000000000e+00
     2.259046   1.000000000e+00
     2.259136   1.000000000e+00
     2.259226   1.000000000e+00
     2.259316   1.000000000e+00
     2.259406   1.000000000e+00
     2.259496   1.000000000e+00
     2.259586   1.000000000e+00
     2.259676   1.000000000e+00
     2.259766   1.000000000e+00
     2.259857   1.000000000e+00
     2.259947   1.000000000e+00
     2.260037   1.000000000e+00
     2.260127   1.000000000e+00
     2.260217   1.000000000e+00
     2.260307   1.000000000e+00
     2.260397   1.000000000e+00
     2.260487   1.000000000e+00
     2.260577   1.000000000e+00
     2.260668   1.000000000e+00
     2.260758   1.000000000e+00
     2.260848   1.000000000e+00
     2.260938   1.000000000e+00
     2.261028   1.000000000e+00
     2.261118   1.000000000e+00
     2.261208   1.000000000e+00
     2.261298   1.000000000e+00
     2.261388   1.000000000e+00
     2.261479   1.000000000e+00
     2.261569   1.000000000e+00
     2.261659   1.000000000e+00
     2.261749   1.000000000e+00
     2.261839   1.000000000e+00
     2.261929   1.000000000e+00
     2.262019   1.000000000e+00
     2.262109   1.000000000e+00
     2.262199   1.000000000e+00
     2.262289   1.000000000e+00
     2.262380   1.000000000e+00
     2.262470   1.000000000e+00
     2.262560   1.000000000e+00
     2.262650   1.000000000e+00
     2.262740   1.000000000e+00
     2.262830   1.000000000e+00
     2.262920   1.000000000e+00
     2.263010   1.000000000e+00
     2.263100   1.000000000e+00
     2.263191   1.000000000e+00
     2.263281   1.000000000e+00
     2.263371   1.000000000e+00
     2.263461   1.000000000e+00
     2.263551   1.000000000e+00
     2.263641   1.000000000e+00
     2.263731   1.000000000e+00
     2.263821   1.000000000e+00
     2.263911   1.000000000e+00
     2.264002   1.000000000e+00
     2.264092   1.000000000e+00
     2.264182   1.000000000e+00
     2.264272   1.000000000e+00
     2.264362   1.000000000e+00
     2.264452   1.000000000e+00
     2.264542   1.000000000e+00
     2.264632   1.000000000e+00
     2.264722   1.000000000e+00
     2.264813   1.000000000e+00
     2.264903   1.000000000e+00
     2.264993   1.000000000e+00
     2.265083   1.000000000e+00
     2.265173   1.000000000e+00
     2.265263   1.000000000e+00
     2.265353   1.000000000e+00
     2.265443   1.000000000e+00
     2.265533   1.000000000e+00
     2.265623   1.000000000e+00
     2.265714   1.000000000e+00
     2.265804   1.000000000e+00
     2.265894   1.000000000e+00
     2.265984   1.000000000e+00
     2.266074   1.000000000e+00
     2.266164   1.000000000e+00
     2.266254   1.000000000e+00
     2.266344   1.000000000e+00
     2.266434   1.000000000e+00
     2.266525   1.000000000e+00
     2.266615   1.000000000e+00
     2.266705   1.000000000e+00
     2.266795   1.000000000e+00
     2.266885   1.000000000e+00
     2.266975   1.000000000e+00
     2.267065   1.000000000e+00
     2.267155   1.000000000e+00
     2.267245   1.000000000e+00
     2.267336   1.000000000e+00
     2.267426   1.000000000e+00
     2.267516   1.000000000e+00
     2.267606   1.000000000e+00
     2.267696   1.000000000e+00
     2.267786   1.000000000e+00
     2.267876   1.000000000e+00
     2.267966   1.000000000e+00
     2.268056   1.000000000e+00
     2.268146   1.000000000e+00
     2.268237   1.000000000e+00
     2.268327   1.000000000e+00
     2.268417   1.000000000e+00
     2.268507   1.000000000e+00
     2.268597   1.000000000e+00
     2.268687   1.000000000e+00
     2.268777   1.000000000e+00
     2.268867   1.000000000e+00
     2.268957   1.000000000e+00
     2.269048   1.000000000e+00
     2.269138   1.000000000e+00
     2.269228   1.000000000e+00
     2.269318   1.000000000e+00
     2.269408   1.000000000e+00
     2.269498   1.000000000e+00
     2.269588   1.000000000e+00
     2.269678   1.000000000e+00
     2.269768   1.000000000e+00
     2.269859   1.000000000e+00
     2.269949   1.000000000e+00
     2.270039   1.000000000e+00
     2.270129   1.000000000e+00
     2.270219   1.000000000e+00
     2.270309   1.000000000e+00
     2.270399   1.000000000e+00
     2.270489   1.000000000e+00
     2.270579   1.000000000e+00
     2.270669   1.000000000e+00
     2.270760   1.000000000e+00
     2.270850   1.000000000e+00
     2.270940   1.000000000e+00
     2.271030   1.000000000e+00
     2.271120   1.000000000e+00
     2.271210   1.000000000e+00
     2.271300   1.000000000e+00
     2.271390   1.000000000e+00
     2.271480   1.000000000e+00
     2.271571   1.000000000e+00
     2.271661   1.000000000e+00
     2.271751   1.000000000e+00
     2.271841   1.000000000e+00
     2.271931   1.000000000e+00
     2.272021   1.000000000e+00
     2.272111   1.000000000e+00
     2.272201   1.000000000e+00
     2.272291   1.000000000e+00
     2.272382   1.000000000e+00
     2.272472   1.000000000e+00
     2.272562   1.000000000e+00
     2.272652   1.000000000e+00
     2.272742   1.000000000e+00
     2.272832   1.000000000e+00
     2.272922   1.000000000e+00
     2.273012   1.000000000e+00
     2.273102   1.000000000e+00
     2.273192   1.000000000e+00
     2.273283   1.000000000e+00
     2.273373   1.000000000e+00
     2.273463   1.000000000e+00
     2.273553   1.000000000e+00
     2.273643   1.000000000e+00
     2.273733   1.000000000e+00
     2.273823   1.000000000e+00
     2.273913   1.000000000e+00
     2.274003   1.000000000e+00
     2.274094   1.000000000e+00
     2.274184   1.000000000e+00
     2.274274   1.000000000e+00
     2.274364   1.000000000e+00
     2.274454   1.000000000e+00
     2.274544   1.000000000e+00
     2.274634   1.000000000e+00
     2.274724   1.000000000e+00
     2.274814   1.000000000e+00
     2.274905   1.000000000e+00
     2.274995   1.000000000e+00
     2.275085   1.000000000e+00
     2.275175   1.000000000e+00
     2.275265   1.000000000e+00
     2.275355   1.000000000e+00
     2.275445   1.000000000e+00
     2.275535   1.000000000e+00
     2.275625   1.000000000e+00
     2.275715   1.000000000e+00
     2.275806   1.000000000e+00
     2.275896   1.000000000e+00
     2.275986   1.000000000e+00
     2.276076   1.000000000e+00
     2.276166   1.000000000e+00
     2.276256   1.000000000e+00
     2.276346   1.000000000e+00
     2.276436   1.000000000e+00
     2.276526   1.000000000e+00
     2.276617   1.000000000e+00
     2.276707   1.000000000e+00
     2.276797   1.000000000e+00
     2.276887   1.000000000e+00
     2.276977   1.000000000e+00
     2.277067   1.000000000e+00
     2.277157   1.000000000e+00
     2.277247   1.000000000e+00
     2.277337   1.000000000e+00
     2.277428   1.000000000e+00
     2.277518   1.000000000e+00
     2.277608   1.000000000e+00
     2.277698   1.000000000e+00
     2.277788   1.000000000e+00
     2.277878   1.000000000e+00
     2.277968   1.000000000e+00
     2.278058   1.000000000e+00
     2.278148   1.000000000e+00
     2.278238   1.000000000e+00
     2.278329   1.000000000e+00
     2.278419   1.000000000e+00
     2.278509   1.000000000e+00
     2.278599   1.000000000e+00
     2.278689   1.000000000e+00
     2.278779   1.000000000e+00
     2.278869   1.000000000e+00
     2.278959   1.000000000e+00
     2.279049   1.000000000e+00
     2.279140   1.000000000e+00
     2.279230   1.000000000e+00
     2.279320   1.000000000e+00
     2.279410   1.000000000e+00
     2.279500   1.000000000e+00
     2.279590   1.000000000e+00
     2.279680   1.000000000e+00
     2.279770   1.000000000e+00
     2.279860   1.000000000e+00
     2.279951   1.000000000e+00
     2.280041   1.000000000e+00
     2.280131   1.000000000e+00
     2.280221   1.000000000e+00
     2.280311   1.000000000e+00
     2.280401   1.000000000e+00
     2.280491   1.000000000e+00
     2.280581   1.000000000e+00
     2.280671   1.000000000e+00
     2.280761   1.000000000e+00
     2.280852   1.000000000e+00
     2.280942   1.000000000e+00
     2.281032   1.000000000e+00
     2.281122   1.000000000e+00
     2.281212   1.000000000e+00
     2.281302   1.000000000e+00
     2.281392   1.000000000e+00
     2.281482   1.000000000e+00
     2.281572   1.000000000e+00
     2.281663   1.000000000e+00
     2.281753   1.000000000e+00
     2.281843   1.000000000e+00
     2.281933   1.000000000e+00
     2.282023   1.000000000e+00
     2.282113   1.000000000e+00
     2.282203   1.000000000e+00
     2.282293   1.000000000e+00
     2.282383   1.000000000e+00
     2.282474   1.000000000e+00
     2.282564   1.000000000e+00
     2.282654   1.000000000e+00
     2.282744   1.000000000e+00
     2.282834   1.000000000e+00
     2.282924   1.000000000e+00
     2.283014   1.000000000e+00
     2.283104   1.000000000e+00
     2.283194   1.000000000e+00
     2.283284   1.000000000e+00
     2.283375   1.000000000e+00
     2.283465   1.000000000e+00
     2.283555   1.000000000e+00
     2.283645   1.000000000e+00
     2.283735   1.000000000e+00
     2.283825   1.000000000e+00
     2.283915   1.000000000e+00
     2.284005   1.000000000e+00
     2.284095   1.000000000e+00
     2.284186   1.000000000e+00
     2.284276   1.000000000e+00
     2.284366   1.000000000e+00
     2.284456   1.000000000e+00
     2.284546   1.000000000e+00
     2.284636   1.000000000e+00
     2.284726   1.000000000e+00
     2.284816   1.000000000e+00
     2.284906   1.000000000e+00
     2.284997   1.000000000e+00
     2.285087   1.000000000e+00
     2.285177   1.000000000e+00
     2.285267   1.000000000e+00
     2.285357   1.000000000e+00
     2.285447   1.000000000e+00
     2.285537   1.000000000e+00
     2.285627   1.000000000e+00
     2.285717   1.000000000e+00
     2.285807   1.000000000e+00
     2.285898   1.000000000e+00
     2.285988   1.000000000e+00
     2.286078   1.000000000e+00
     2.286168   1.000000000e+00
     2.286258   1.000000000e+00
     2.286348   1.000000000e+00
     2.286438   1.000000000e+00
     2.286528   1.000000000e+00
     2.286618   0.000000000e+00
     2.286709   0.000000000e+00
     2.286799   0.000000000e+00
     2.286889   0.000000000e+00
     2.286979   0.000000000e+00
     2.287069   0.000000000e+00
     2.287159   0.000000000e+00
     2.287249   0.000000000e+00
     2.287339   0.000000000e+00
     2.287429   0.000000000e+00
     2.287520   0.000000000e+00
     2.287610   0.000000000e+00
     2.287700   0.000000000e+00
     2.287790   0.000000000e+00
     2.287880   0.000000000e+00
     2.287970   0.000000000e+00
     2.288060   0.000000000e+00
     2.288150   0.000000000e+00
     2.288240   0.000000000e+00
     2.288331   0.000000000e+00
     2.288421   0.000000000e+00
     2.288511   0.000000000e+00
     2.288601   0.000000000e+00
     2.288691   0.000000000e+00
     2.288781   0.000000000e+00
     2.288871   0.000000000e+00
     2.288961   0.000000000e+00
     2.289051   0.000000000e+00
     2.289141   0.000000000e+00
     2.289232   0.000000000e+00
     2.289322   0.000000000e+00
     2.289412   0.000000000e+00
     2.289502   0.000000000e+00
     2.289592   0.000000000e+00
     2.289682   0.000000000e+00
     2.289772   0.000000000e+00
     2.289862   0.000000000e+00
     2.289952   0.000000000e+00
     2.290043   0.000000000e+00
     2.290133   0.000000000e+00
     2.290223   0.000000000e+00
     2.290313   0.000000000e+00
     2.290403   0.000000000e+00
     2.290493   0.000000000e+00
     2.290583   0.000000000e+00
     2.290673   0.000000000e+00
     2.290763   0.000000000e+00
     2.290854   0.000000000e+00
     2.290944   0.000000000e+00
